1.09434e-14 -2.52435e-29 8.75473e-14 
1.5974e-05 1 0 8 
9.53674e-07 1 0 8 
1.90735e-06 1 0 8 
9.53674e-07 1 0 8 
9.53674e-07 1 0 8 
9.53674e-07 1 0 8 
2.14577e-06 1 0 8 
1.19209e-06 1 0 8 
2.14577e-06 1 0 8 
0 1 0 8 
2.14577e-06 1 0 8 
9.53674e-07 1 0 8 
2.14577e-06 1 0 8 
1.19209e-06 1 0 8 
2.00272e-05 1 0 8 
9.53674e-07 1 0 8 
1.90735e-06 1 0 8 
9.53674e-07 1 0 8 
1.90735e-06 1 0 8 
1.19209e-06 1 0 8 
1.90735e-06 1 0 8 
9.53674e-07 1 0 8 
9.53674e-07 1 0 8 
1.19209e-06 1 0 8 
1.90735e-06 1 0 8 
0 1 0 8 
1.90735e-06 1 0 8 
9.53674e-07 1 0 8 
2.14577e-06 1 0 8 
9.53674e-07 1 0 8 
1.90735e-06 1 0 8 
9.53674e-07 1 0 8 
1.90735e-06 1 0 8 
9.53674e-07 1 0 8 
2.14577e-06 1 0 8 
1.19209e-06 1 0 8 
1.90735e-06 1 0 8 
1.19209e-06 1 0 8 
1.90735e-06 1 0 8 
0 1 0 8 
1.90735e-06 1 0 8 
9.53674e-07 1 0 8 
1.19209e-06 1 0 8 
9.53674e-07 1 0 8 
1.90735e-06 1 0 8 
9.53674e-07 1 0 8 
2.14577e-06 1 0 8 
9.53674e-07 1 0 8 
1.90735e-06 1 0 8 
9.53674e-07 1 0 8 
2.14577e-06 1 0 8 
9.53674e-07 1 0 8 
1.90735e-06 1 0 8 
0 1 0 8 
2.14577e-06 1 0 8 
9.53674e-07 1 0 8 
