8.1944e-13 1.19814e-09 
4.1008e-05 1 5329 
1.00136e-05 1 1460 
1.90735e-06 1 1460 
5.96046e-06 1 5329 
9.05991e-06 1 5329 
4.05312e-06 1 1460 
3.09944e-06 1 1460 
5.96046e-06 1 5329 
9.05991e-06 1 5329 
2.86102e-06 1 1460 
2.14577e-06 1 1460 
5.96046e-06 1 5329 
8.82149e-06 1 5329 
2.86102e-06 1 1460 
2.86102e-06 1 1460 
6.19888e-06 1 5329 
8.82149e-06 1 5329 
3.09944e-06 1 1460 
1.90735e-06 1 1460 
5.96046e-06 1 5329 
4.05312e-06 1 324 
5.00679e-06 1 324 
3.09944e-06 1 324 
1.90735e-06 1 18 
3.09944e-06 1 324 
1.90735e-06 1 18 
2.86102e-06 1 189 
1.90735e-06 1 189 
3.09944e-06 1 162 
1.90735e-06 1 18 
2.14577e-06 1 162 
2.14577e-06 1 18 
2.86102e-06 1 216 
1.90735e-06 1 36 
1.90735e-06 1 36 
1.90735e-06 1 216 
4.05312e-06 1 648 
9.53674e-07 1 18 
2.86102e-06 1 648 
1.90735e-06 1 18 
2.86102e-06 1 378 
2.14577e-06 1 378 
4.05312e-06 1 648 
1.19209e-06 1 18 
3.09944e-06 1 648 
1.90735e-06 1 18 
3.09944e-06 1 324 
2.86102e-06 1 324 
3.09944e-06 1 324 
3.09944e-06 1 324 
1.90735e-06 1 324 
1.90735e-06 1 324 
2.86102e-06 1 324 
2.86102e-06 1 324 
2.86102e-06 1 324 
1.90735e-06 1 18 
2.86102e-06 1 324 
1.19209e-06 1 18 
4.05312e-06 1 324 
1.90735e-06 1 18 
4.05312e-06 1 324 
9.53674e-07 1 18 
3.09944e-06 1 216 
1.90735e-06 1 18 
2.14577e-06 1 18 
2.14577e-06 1 216 
1.90735e-06 1 189 
2.86102e-06 1 189 
1.90735e-06 1 108 
2.14577e-06 1 108 
4.05312e-06 1 324 
2.86102e-06 1 324 
2.14577e-06 1 324 
2.86102e-06 1 324 
3.09944e-06 1 324 
3.09944e-06 1 324 
3.8147e-06 1 378 
3.09944e-06 1 189 
1.90735e-06 1 189 
3.09944e-06 1 378 
0.000235081 1 34225 
6.91414e-06 1 4070 
4.05312e-06 1 4070 
3.19481e-05 1 34225 
6.60419e-05 1 34225 
8.10623e-06 1 4070 
3.8147e-06 1 4070 
3.19481e-05 1 34225 
7.48634e-05 1 34225 
9.05991e-06 1 4070 
3.8147e-06 1 4070 
3.19481e-05 1 34225 
5.10216e-05 1 34225 
7.70092e-05 1 4070 
5.96046e-06 1 4070 
3.31402e-05 1 34225 
6.41346e-05 1 34225 
7.86781e-06 1 4070 
4.05312e-06 1 4070 
3.09944e-05 1 34225 
5.00679e-06 1 729 
4.05312e-06 1 729 
3.8147e-06 1 729 
9.53674e-07 1 27 
3.8147e-06 1 729 
9.53674e-07 1 27 
3.09944e-06 1 405 
2.86102e-06 1 405 
2.86102e-06 1 243 
2.14577e-06 1 27 
3.09944e-06 1 243 
9.53674e-07 1 27 
2.86102e-06 1 486 
2.14577e-06 1 81 
9.53674e-07 1 81 
2.86102e-06 1 486 
6.91414e-06 1 2187 
1.19209e-06 1 27 
5.96046e-06 1 2187 
1.90735e-06 1 27 
4.05312e-06 1 1215 
2.86102e-06 1 1215 
8.10623e-06 1 2187 
1.90735e-06 1 27 
2.09808e-05 1 2187 
9.53674e-07 1 27 
3.8147e-06 1 729 
4.76837e-06 1 729 
3.8147e-06 1 729 
5.00679e-06 1 729 
4.05312e-06 1 729 
3.8147e-06 1 729 
5.00679e-06 1 729 
5.00679e-06 1 729 
6.19888e-06 1 729 
9.53674e-07 1 27 
5.00679e-06 1 729 
9.53674e-07 1 27 
5.00679e-06 1 729 
9.53674e-07 1 27 
5.00679e-06 1 729 
1.90735e-06 1 27 
3.8147e-06 1 486 
1.90735e-06 1 27 
2.14577e-06 1 27 
1.90735e-06 1 486 
4.05312e-06 1 405 
3.09944e-06 1 405 
2.14577e-06 1 162 
2.14577e-06 1 162 
5.96046e-06 1 729 
5.00679e-06 1 729 
5.00679e-06 1 729 
4.05312e-06 1 729 
5.00679e-06 1 729 
5.00679e-06 1 729 
8.10623e-06 1 1215 
3.8147e-06 1 405 
2.86102e-06 1 405 
5.96046e-06 1 1215 
9.05991e-06 1 5329 
3.09944e-06 1 1460 
1.90735e-06 1 1460 
5.00679e-06 1 5329 
7.86781e-06 1 5329 
2.86102e-06 1 1460 
2.86102e-06 1 1460 
5.00679e-06 1 5329 
8.10623e-06 1 5329 
2.86102e-06 1 1460 
3.09944e-06 1 1460 
5.96046e-06 1 5329 
7.15256e-06 1 5329 
3.09944e-06 1 1460 
2.14577e-06 1 1460 
5.00679e-06 1 5329 
9.05991e-06 1 5329 
3.09944e-06 1 1460 
2.14577e-06 1 1460 
5.00679e-06 1 5329 
4.05312e-06 1 324 
2.86102e-06 1 324 
1.90735e-06 1 189 
2.14577e-06 1 126 
1.90735e-06 1 189 
1.90735e-06 1 126 
1.90735e-06 1 189 
2.14577e-06 1 126 
1.90735e-06 1 189 
1.90735e-06 1 126 
1.90735e-06 1 126 
1.90735e-06 1 216 
1.19209e-06 1 126 
1.90735e-06 1 216 
1.90735e-06 1 126 
2.14577e-06 1 216 
9.53674e-07 1 126 
2.14577e-06 1 216 
2.86102e-06 1 324 
1.90735e-06 1 18 
3.09944e-06 1 324 
1.19209e-06 1 18 
1.90735e-06 1 126 
2.14577e-06 1 189 
1.90735e-06 1 126 
1.90735e-06 1 189 
9.53674e-07 1 126 
1.90735e-06 1 189 
9.53674e-07 1 126 
1.90735e-06 1 189 
2.14577e-06 1 189 
1.90735e-06 1 189 
9.53674e-07 1 189 
1.90735e-06 1 189 
3.8147e-06 1 162 
2.14577e-06 1 18 
1.90735e-06 1 162 
2.14577e-06 1 18 
9.53674e-07 1 126 
3.09944e-06 1 216 
1.90735e-06 1 126 
1.90735e-06 1 216 
1.90735e-06 1 126 
2.14577e-06 1 216 
9.53674e-07 1 126 
2.14577e-06 1 216 
2.86102e-06 1 216 
9.53674e-07 1 36 
1.90735e-06 1 36 
1.90735e-06 1 216 
1.90735e-06 1 378 
3.09944e-06 1 648 
1.90735e-06 1 378 
2.86102e-06 1 648 
1.90735e-06 1 378 
3.09944e-06 1 648 
1.90735e-06 1 378 
2.86102e-06 1 648 
3.8147e-06 1 648 
2.14577e-06 1 18 
3.09944e-06 1 648 
2.14577e-06 1 18 
3.09944e-06 1 378 
1.90735e-06 1 378 
3.09944e-06 1 378 
3.8147e-06 1 648 
2.14577e-06 1 378 
3.09944e-06 1 648 
1.90735e-06 1 378 
4.05312e-06 1 648 
1.90735e-06 1 378 
2.86102e-06 1 648 
4.05312e-06 1 648 
1.90735e-06 1 18 
3.09944e-06 1 648 
2.14577e-06 1 18 
1.90735e-06 1 126 
3.09944e-06 1 216 
9.53674e-07 1 126 
2.86102e-06 1 216 
9.53674e-07 1 126 
1.90735e-06 1 216 
1.90735e-06 1 126 
2.14577e-06 1 216 
2.14577e-06 1 126 
1.90735e-06 1 189 
9.53674e-07 1 126 
2.86102e-06 1 189 
2.14577e-06 1 126 
1.90735e-06 1 189 
1.19209e-06 1 126 
1.90735e-06 1 189 
1.90735e-06 1 324 
3.09944e-06 1 324 
3.09944e-06 1 324 
3.09944e-06 1 324 
1.90735e-06 1 324 
2.86102e-06 1 324 
3.09944e-06 1 324 
3.09944e-06 1 324 
4.05312e-06 1 324 
1.90735e-06 1 18 
3.09944e-06 1 324 
9.53674e-07 1 18 
2.14577e-06 1 126 
2.86102e-06 1 189 
1.90735e-06 1 126 
2.86102e-06 1 189 
1.90735e-06 1 126 
2.14577e-06 1 189 
1.90735e-06 1 126 
2.14577e-06 1 189 
3.8147e-06 1 324 
2.14577e-06 1 18 
3.09944e-06 1 324 
2.14577e-06 1 18 
2.86102e-06 1 216 
9.53674e-07 1 18 
1.90735e-06 1 18 
2.14577e-06 1 216 
2.14577e-06 1 126 
2.86102e-06 1 189 
1.90735e-06 1 126 
3.09944e-06 1 189 
1.90735e-06 1 126 
2.14577e-06 1 189 
1.90735e-06 1 126 
2.14577e-06 1 189 
2.86102e-06 1 189 
2.14577e-06 1 189 
3.09944e-06 1 108 
1.90735e-06 1 108 
3.09944e-06 1 126 
2.86102e-06 1 189 
9.53674e-07 1 126 
2.86102e-06 1 189 
1.90735e-06 1 126 
3.09944e-06 1 189 
1.19209e-06 1 126 
1.90735e-06 1 189 
4.05312e-06 1 324 
3.09944e-06 1 324 
3.09944e-06 1 324 
3.09944e-06 1 324 
3.09944e-06 1 324 
3.09944e-06 1 324 
1.90735e-06 1 189 
2.14577e-06 1 126 
2.14577e-06 1 189 
2.14577e-06 1 126 
3.09944e-06 1 189 
1.90735e-06 1 126 
1.90735e-06 1 189 
2.14577e-06 1 126 
2.86102e-06 1 378 
1.90735e-06 1 189 
1.90735e-06 1 189 
2.86102e-06 1 378 
3.09944e-06 1 189 
1.90735e-06 1 126 
1.90735e-06 1 189 
1.90735e-06 1 126 
1.90735e-06 1 189 
1.19209e-06 1 126 
1.90735e-06 1 189 
9.53674e-07 1 126 
1.90735e-06 1 126 
1.90735e-06 1 189 
1.90735e-06 1 126 
2.14577e-06 1 189 
2.14577e-06 1 126 
1.90735e-06 1 189 
1.90735e-06 1 126 
2.14577e-06 1 189 
1.90735e-06 1 189 
1.90735e-06 1 126 
2.14577e-06 1 189 
9.53674e-07 1 126 
1.90735e-06 1 189 
2.14577e-06 1 126 
1.90735e-06 1 189 
1.90735e-06 1 126 
3.09944e-06 1 216 
2.14577e-06 1 216 
1.90735e-06 1 216 
2.14577e-06 1 216 
9.53674e-07 1 18 
9.53674e-07 1 18 
1.90735e-06 1 126 
1.90735e-06 1 189 
1.90735e-06 1 126 
1.90735e-06 1 189 
9.53674e-07 1 126 
2.14577e-06 1 189 
2.14577e-06 1 126 
2.86102e-06 1 189 
2.14577e-06 1 126 
1.90735e-06 1 189 
1.90735e-06 1 126 
2.14577e-06 1 189 
9.53674e-07 1 126 
1.90735e-06 1 189 
9.53674e-07 1 126 
2.14577e-06 1 189 
2.14577e-06 1 189 
1.90735e-06 1 126 
1.90735e-06 1 189 
1.90735e-06 1 126 
1.90735e-06 1 189 
9.53674e-07 1 126 
1.90735e-06 1 189 
2.14577e-06 1 126 
2.28882e-05 1 16641 
5.00679e-06 1 2838 
4.05312e-06 1 2838 
1.50204e-05 1 16641 
2.19345e-05 1 16641 
3.8147e-06 1 2838 
3.8147e-06 1 2838 
1.40667e-05 1 16641 
2.00272e-05 1 16641 
4.05312e-06 1 2838 
3.09944e-06 1 2838 
1.50204e-05 1 16641 
2.00272e-05 1 16641 
4.05312e-06 1 2838 
3.09944e-06 1 2838 
1.38283e-05 1 16641 
2.47955e-05 1 16641 
5.00679e-06 1 2838 
3.8147e-06 1 2838 
1.50204e-05 1 16641 
5.00679e-06 1 576 
5.00679e-06 1 576 
3.09944e-06 1 324 
1.90735e-06 1 216 
3.09944e-06 1 324 
1.90735e-06 1 216 
2.14577e-06 1 324 
1.90735e-06 1 216 
1.90735e-06 1 324 
2.14577e-06 1 216 
3.09944e-06 1 216 
2.86102e-06 1 384 
9.53674e-07 1 216 
2.86102e-06 1 384 
1.19209e-06 1 216 
1.90735e-06 1 384 
1.90735e-06 1 216 
2.14577e-06 1 384 
5.00679e-06 1 576 
9.53674e-07 1 24 
3.8147e-06 1 576 
9.53674e-07 1 24 
3.09944e-06 1 216 
2.86102e-06 1 324 
2.14577e-06 1 216 
2.86102e-06 1 324 
1.90735e-06 1 216 
3.09944e-06 1 324 
2.14577e-06 1 216 
2.86102e-06 1 324 
1.90735e-06 1 324 
1.90735e-06 1 324 
1.90735e-06 1 324 
2.14577e-06 1 324 
2.86102e-06 1 216 
9.53674e-07 1 24 
1.90735e-06 1 216 
1.90735e-06 1 24 
1.90735e-06 1 216 
2.14577e-06 1 384 
2.14577e-06 1 216 
2.14577e-06 1 384 
1.90735e-06 1 216 
1.90735e-06 1 384 
9.53674e-07 1 216 
1.90735e-06 1 384 
3.09944e-06 1 384 
9.53674e-07 1 64 
2.14577e-06 1 64 
2.86102e-06 1 384 
3.09944e-06 1 864 
5.96046e-06 1 1536 
2.14577e-06 1 864 
5.96046e-06 1 1536 
1.90735e-06 1 864 
5.00679e-06 1 1536 
1.90735e-06 1 864 
5.00679e-06 1 1536 
1.5974e-05 1 1536 
1.90735e-06 1 24 
5.96046e-06 1 1536 
1.90735e-06 1 24 
4.05312e-06 1 864 
1.90735e-06 1 864 
3.09944e-06 1 864 
5.00679e-06 1 1536 
1.90735e-06 1 864 
5.96046e-06 1 1536 
1.90735e-06 1 864 
5.00679e-06 1 1536 
1.90735e-06 1 864 
5.00679e-06 1 1536 
5.96046e-06 1 1536 
1.19209e-06 1 24 
5.00679e-06 1 1536 
9.53674e-07 1 24 
1.90735e-06 1 216 
2.14577e-06 1 384 
2.14577e-06 1 216 
2.14577e-06 1 384 
2.86102e-06 1 216 
1.90735e-06 1 384 
9.53674e-07 1 216 
1.90735e-06 1 384 
3.09944e-06 1 216 
3.09944e-06 1 324 
2.14577e-06 1 216 
3.09944e-06 1 324 
1.90735e-06 1 216 
2.86102e-06 1 324 
1.90735e-06 1 216 
2.14577e-06 1 324 
4.05312e-06 1 576 
4.05312e-06 1 576 
4.05312e-06 1 576 
4.05312e-06 1 576 
2.86102e-06 1 576 
4.05312e-06 1 576 
5.00679e-06 1 576 
4.05312e-06 1 576 
5.00679e-06 1 576 
9.53674e-07 1 24 
4.05312e-06 1 576 
9.53674e-07 1 24 
1.90735e-06 1 216 
3.09944e-06 1 324 
1.90735e-06 1 216 
2.14577e-06 1 324 
1.90735e-06 1 216 
3.09944e-06 1 324 
1.90735e-06 1 216 
1.90735e-06 1 324 
4.05312e-06 1 576 
9.53674e-07 1 24 
2.86102e-06 1 576 
1.90735e-06 1 24 
2.86102e-06 1 384 
2.14577e-06 1 24 
9.53674e-07 1 24 
1.90735e-06 1 384 
2.14577e-06 1 216 
1.90735e-06 1 324 
9.53674e-07 1 216 
3.09944e-06 1 324 
9.53674e-07 1 216 
2.86102e-06 1 324 
2.14577e-06 1 216 
1.90735e-06 1 324 
2.86102e-06 1 324 
3.09944e-06 1 324 
1.90735e-06 1 144 
2.14577e-06 1 144 
2.14577e-06 1 216 
3.09944e-06 1 324 
1.90735e-06 1 216 
2.86102e-06 1 324 
1.90735e-06 1 216 
1.90735e-06 1 324 
1.90735e-06 1 216 
2.86102e-06 1 324 
5.00679e-06 1 576 
3.8147e-06 1 576 
4.05312e-06 1 576 
4.05312e-06 1 576 
4.05312e-06 1 576 
4.05312e-06 1 576 
3.09944e-06 1 324 
1.90735e-06 1 216 
2.86102e-06 1 324 
1.90735e-06 1 216 
3.09944e-06 1 324 
1.90735e-06 1 216 
3.09944e-06 1 324 
2.14577e-06 1 216 
5.00679e-06 1 864 
2.86102e-06 1 324 
3.09944e-06 1 324 
5.00679e-06 1 864 
2.86102e-06 1 324 
1.90735e-06 1 216 
2.86102e-06 1 324 
1.90735e-06 1 216 
3.09944e-06 1 324 
1.90735e-06 1 216 
2.86102e-06 1 324 
9.53674e-07 1 216 
2.14577e-06 1 216 
2.86102e-06 1 324 
2.14577e-06 1 216 
1.90735e-06 1 324 
1.90735e-06 1 216 
3.09944e-06 1 324 
1.90735e-06 1 216 
2.86102e-06 1 324 
3.09944e-06 1 324 
1.90735e-06 1 216 
1.90735e-06 1 324 
1.90735e-06 1 216 
3.09944e-06 1 324 
9.53674e-07 1 216 
2.14577e-06 1 324 
2.14577e-06 1 216 
3.09944e-06 1 384 
1.90735e-06 1 384 
3.09944e-06 1 384 
1.90735e-06 1 384 
1.90735e-06 1 24 
9.53674e-07 1 24 
1.90735e-06 1 216 
2.86102e-06 1 324 
1.90735e-06 1 216 
2.86102e-06 1 324 
2.14577e-06 1 216 
1.90735e-06 1 324 
1.90735e-06 1 216 
3.09944e-06 1 324 
1.90735e-06 1 216 
3.09944e-06 1 324 
2.14577e-06 1 216 
3.09944e-06 1 324 
1.90735e-06 1 216 
3.09944e-06 1 324 
2.14577e-06 1 216 
1.90735e-06 1 324 
3.09944e-06 1 324 
2.14577e-06 1 216 
3.09944e-06 1 324 
2.14577e-06 1 216 
2.86102e-06 1 324 
2.14577e-06 1 216 
3.09944e-06 1 324 
1.90735e-06 1 216 
9.05991e-06 1 5329 
2.86102e-06 1 1460 
3.09944e-06 1 1460 
5.00679e-06 1 5329 
2.19345e-05 1 5329 
3.09944e-06 1 1460 
2.86102e-06 1 1460 
5.00679e-06 1 5329 
1.09673e-05 1 5329 
4.05312e-06 1 1460 
4.05312e-06 1 1460 
9.05991e-06 1 5329 
8.82149e-06 1 5329 
2.86102e-06 1 1460 
2.14577e-06 1 1460 
5.00679e-06 1 5329 
8.10623e-06 1 5329 
2.86102e-06 1 1460 
3.09944e-06 1 1460 
5.00679e-06 1 5329 
4.05312e-06 1 324 
2.86102e-06 1 324 
1.90735e-06 1 189 
1.90735e-06 1 126 
2.14577e-06 1 189 
1.19209e-06 1 126 
3.09944e-06 1 189 
1.90735e-06 1 126 
1.90735e-06 1 189 
9.53674e-07 1 126 
2.14577e-06 1 126 
2.86102e-06 1 216 
1.19209e-06 1 126 
1.90735e-06 1 216 
2.14577e-06 1 126 
1.90735e-06 1 216 
9.53674e-07 1 126 
1.90735e-06 1 216 
2.86102e-06 1 324 
9.53674e-07 1 18 
2.14577e-06 1 324 
1.19209e-06 1 18 
1.90735e-06 1 126 
2.14577e-06 1 189 
1.90735e-06 1 126 
1.90735e-06 1 189 
9.53674e-07 1 126 
1.90735e-06 1 189 
1.90735e-06 1 126 
1.90735e-06 1 189 
2.14577e-06 1 189 
1.90735e-06 1 189 
1.90735e-06 1 189 
2.14577e-06 1 189 
1.90735e-06 1 162 
1.19209e-06 1 18 
1.90735e-06 1 162 
9.53674e-07 1 18 
1.90735e-06 1 126 
2.14577e-06 1 216 
1.90735e-06 1 126 
1.90735e-06 1 216 
1.90735e-06 1 126 
2.14577e-06 1 216 
1.19209e-06 1 126 
1.90735e-06 1 216 
3.8147e-06 1 216 
9.53674e-07 1 36 
1.90735e-06 1 36 
2.14577e-06 1 216 
3.09944e-06 1 378 
4.05312e-06 1 648 
3.09944e-06 1 378 
2.86102e-06 1 648 
1.90735e-06 1 378 
3.09944e-06 1 648 
2.14577e-06 1 378 
3.09944e-06 1 648 
2.86102e-06 1 648 
9.53674e-07 1 18 
2.86102e-06 1 648 
1.90735e-06 1 18 
2.86102e-06 1 378 
2.14577e-06 1 378 
3.09944e-06 1 378 
3.8147e-06 1 648 
2.86102e-06 1 378 
2.86102e-06 1 648 
1.90735e-06 1 378 
2.86102e-06 1 648 
2.14577e-06 1 378 
3.09944e-06 1 648 
4.05312e-06 1 648 
1.90735e-06 1 18 
2.86102e-06 1 648 
1.90735e-06 1 18 
2.14577e-06 1 126 
2.86102e-06 1 216 
1.90735e-06 1 126 
1.90735e-06 1 216 
9.53674e-07 1 126 
1.19209e-06 1 216 
2.14577e-06 1 126 
1.90735e-06 1 216 
1.90735e-06 1 126 
2.14577e-06 1 189 
2.14577e-06 1 126 
2.86102e-06 1 189 
2.14577e-06 1 126 
1.90735e-06 1 189 
2.14577e-06 1 126 
1.90735e-06 1 189 
1.62125e-05 1 324 
1.90735e-06 1 324 
3.09944e-06 1 324 
2.86102e-06 1 324 
1.90735e-06 1 324 
3.09944e-06 1 324 
3.09944e-06 1 324 
3.09944e-06 1 324 
4.05312e-06 1 324 
1.19209e-06 1 18 
3.09944e-06 1 324 
1.90735e-06 1 18 
1.90735e-06 1 126 
3.09944e-06 1 189 
1.90735e-06 1 126 
2.14577e-06 1 189 
1.90735e-06 1 126 
2.14577e-06 1 189 
1.90735e-06 1 126 
1.90735e-06 1 189 
2.86102e-06 1 324 
1.19209e-06 1 18 
3.09944e-06 1 324 
9.53674e-07 1 18 
2.86102e-06 1 216 
2.14577e-06 1 18 
1.90735e-06 1 18 
2.14577e-06 1 216 
2.14577e-06 1 126 
2.86102e-06 1 189 
1.90735e-06 1 126 
1.90735e-06 1 189 
9.53674e-07 1 126 
1.90735e-06 1 189 
1.90735e-06 1 126 
2.14577e-06 1 189 
3.09944e-06 1 189 
1.90735e-06 1 189 
1.50204e-05 1 108 
2.14577e-06 1 108 
1.50204e-05 1 126 
2.14577e-06 1 189 
1.90735e-06 1 126 
2.86102e-06 1 189 
1.90735e-06 1 126 
1.90735e-06 1 189 
9.53674e-07 1 126 
1.90735e-06 1 189 
3.8147e-06 1 324 
3.09944e-06 1 324 
3.09944e-06 1 324 
3.09944e-06 1 324 
3.09944e-06 1 324 
2.14577e-06 1 324 
2.14577e-06 1 189 
1.90735e-06 1 126 
1.90735e-06 1 189 
2.14577e-06 1 126 
1.90735e-06 1 189 
2.14577e-06 1 126 
1.90735e-06 1 189 
1.90735e-06 1 126 
4.05312e-06 1 378 
1.90735e-06 1 189 
3.09944e-06 1 189 
4.05312e-06 1 378 
3.09944e-06 1 189 
1.90735e-06 1 126 
1.90735e-06 1 189 
9.53674e-07 1 126 
2.14577e-06 1 189 
1.90735e-06 1 126 
2.14577e-06 1 189 
1.90735e-06 1 126 
1.90735e-06 1 126 
2.14577e-06 1 189 
2.14577e-06 1 126 
1.90735e-06 1 189 
2.14577e-06 1 126 
1.90735e-06 1 189 
1.19209e-06 1 126 
1.90735e-06 1 189 
3.09944e-06 1 189 
1.90735e-06 1 126 
1.90735e-06 1 189 
1.90735e-06 1 126 
1.90735e-06 1 189 
9.53674e-07 1 126 
1.90735e-06 1 189 
1.90735e-06 1 126 
1.90735e-06 1 216 
1.90735e-06 1 216 
2.14577e-06 1 216 
2.14577e-06 1 216 
1.90735e-06 1 18 
1.90735e-06 1 18 
1.90735e-06 1 126 
2.14577e-06 1 189 
2.14577e-06 1 126 
2.14577e-06 1 189 
2.14577e-06 1 126 
1.90735e-06 1 189 
9.53674e-07 1 126 
2.14577e-06 1 189 
9.53674e-07 1 126 
2.14577e-06 1 189 
1.90735e-06 1 126 
1.90735e-06 1 189 
9.53674e-07 1 126 
1.90735e-06 1 189 
9.53674e-07 1 126 
1.90735e-06 1 189 
3.09944e-06 1 189 
1.90735e-06 1 126 
1.90735e-06 1 189 
9.53674e-07 1 126 
1.90735e-06 1 189 
2.14577e-06 1 126 
1.90735e-06 1 189 
2.14577e-06 1 126 
4.79221e-05 1 10201 
3.8147e-06 1 2222 
2.86102e-06 1 2222 
8.82149e-06 1 10201 
1.19209e-05 1 10201 
3.09944e-06 1 2222 
2.86102e-06 1 2222 
8.10623e-06 1 10201 
1.19209e-05 1 10201 
4.05312e-06 1 2222 
2.86102e-06 1 2222 
8.10623e-06 1 10201 
1.09673e-05 1 10201 
2.86102e-06 1 2222 
2.86102e-06 1 2222 
8.10623e-06 1 10201 
1.19209e-05 1 10201 
4.05312e-06 1 2222 
3.09944e-06 1 2222 
9.05991e-06 1 10201 
4.05312e-06 1 441 
3.09944e-06 1 441 
3.09944e-06 1 252 
1.90735e-06 1 168 
1.90735e-06 1 252 
1.90735e-06 1 168 
1.90735e-06 1 252 
2.14577e-06 1 168 
3.09944e-06 1 252 
1.90735e-06 1 168 
1.90735e-06 1 168 
2.14577e-06 1 294 
2.14577e-06 1 168 
1.90735e-06 1 294 
2.14577e-06 1 168 
1.90735e-06 1 294 
2.14577e-06 1 168 
1.90735e-06 1 294 
5.00679e-06 1 441 
2.86102e-06 1 21 
4.05312e-06 1 441 
3.09944e-06 1 21 
3.09944e-06 1 168 
2.14577e-06 1 252 
1.90735e-06 1 168 
2.14577e-06 1 252 
1.90735e-06 1 168 
3.09944e-06 1 252 
2.14577e-06 1 168 
2.14577e-06 1 252 
1.90735e-06 1 252 
1.90735e-06 1 252 
1.90735e-06 1 252 
1.90735e-06 1 252 
2.86102e-06 1 189 
2.14577e-06 1 21 
3.09944e-06 1 189 
9.53674e-07 1 21 
2.14577e-06 1 168 
1.90735e-06 1 294 
9.53674e-07 1 168 
1.90735e-06 1 294 
2.14577e-06 1 168 
1.90735e-06 1 294 
9.53674e-07 1 168 
1.90735e-06 1 294 
2.86102e-06 1 294 
2.14577e-06 1 49 
1.90735e-06 1 49 
3.09944e-06 1 294 
3.09944e-06 1 588 
4.05312e-06 1 1029 
1.90735e-06 1 588 
4.05312e-06 1 1029 
2.14577e-06 1 588 
3.8147e-06 1 1029 
1.90735e-06 1 588 
4.05312e-06 1 1029 
4.05312e-06 1 1029 
1.19209e-06 1 21 
4.05312e-06 1 1029 
1.19209e-06 1 21 
2.86102e-06 1 588 
2.14577e-06 1 588 
1.90735e-06 1 588 
4.05312e-06 1 1029 
2.14577e-06 1 588 
4.05312e-06 1 1029 
1.90735e-06 1 588 
4.05312e-06 1 1029 
1.90735e-06 1 588 
3.8147e-06 1 1029 
4.05312e-06 1 1029 
9.53674e-07 1 21 
4.05312e-06 1 1029 
1.90735e-06 1 21 
1.90735e-06 1 168 
2.14577e-06 1 294 
2.14577e-06 1 168 
2.14577e-06 1 294 
1.19209e-06 1 168 
1.90735e-06 1 294 
9.53674e-07 1 168 
1.90735e-06 1 294 
1.90735e-06 1 168 
2.86102e-06 1 252 
1.90735e-06 1 168 
1.90735e-06 1 252 
1.90735e-06 1 168 
1.90735e-06 1 252 
2.14577e-06 1 168 
2.14577e-06 1 252 
4.05312e-06 1 441 
4.05312e-06 1 441 
3.8147e-06 1 441 
4.05312e-06 1 441 
3.09944e-06 1 441 
3.09944e-06 1 441 
3.09944e-06 1 441 
3.09944e-06 1 441 
3.8147e-06 1 441 
1.90735e-06 1 21 
4.05312e-06 1 441 
2.14577e-06 1 21 
2.14577e-06 1 168 
2.86102e-06 1 252 
1.90735e-06 1 168 
2.86102e-06 1 252 
2.14577e-06 1 168 
2.86102e-06 1 252 
1.90735e-06 1 168 
3.09944e-06 1 252 
4.05312e-06 1 441 
1.90735e-06 1 21 
2.86102e-06 1 441 
1.90735e-06 1 21 
3.09944e-06 1 294 
1.90735e-06 1 21 
9.53674e-07 1 21 
1.90735e-06 1 294 
1.90735e-06 1 168 
3.09944e-06 1 252 
2.14577e-06 1 168 
3.09944e-06 1 252 
1.90735e-06 1 168 
3.09944e-06 1 252 
2.14577e-06 1 168 
2.86102e-06 1 252 
3.09944e-06 1 252 
2.14577e-06 1 252 
2.86102e-06 1 126 
2.14577e-06 1 126 
1.90735e-06 1 168 
2.14577e-06 1 252 
1.90735e-06 1 168 
3.09944e-06 1 252 
1.90735e-06 1 168 
3.09944e-06 1 252 
9.53674e-07 1 168 
2.86102e-06 1 252 
3.09944e-06 1 441 
2.86102e-06 1 441 
2.86102e-06 1 441 
2.86102e-06 1 441 
2.86102e-06 1 441 
2.86102e-06 1 441 
1.90735e-06 1 252 
1.19209e-06 1 168 
3.09944e-06 1 252 
9.53674e-07 1 168 
3.09944e-06 1 252 
1.90735e-06 1 168 
2.14577e-06 1 252 
1.90735e-06 1 168 
2.31266e-05 1 588 
3.09944e-06 1 252 
2.14577e-06 1 252 
1.69277e-05 1 588 
2.86102e-06 1 252 
1.90735e-06 1 168 
2.14577e-06 1 252 
2.14577e-06 1 168 
3.09944e-06 1 252 
1.90735e-06 1 168 
3.09944e-06 1 252 
1.90735e-06 1 168 
2.14577e-06 1 168 
1.90735e-06 1 252 
9.53674e-07 1 168 
2.86102e-06 1 252 
9.53674e-07 1 168 
2.14577e-06 1 252 
9.53674e-07 1 168 
1.90735e-06 1 252 
3.09944e-06 1 252 
1.90735e-06 1 168 
1.90735e-06 1 252 
1.90735e-06 1 168 
1.90735e-06 1 252 
1.19209e-06 1 168 
1.90735e-06 1 252 
1.90735e-06 1 168 
1.90735e-06 1 294 
2.14577e-06 1 294 
1.90735e-06 1 294 
1.90735e-06 1 294 
2.14577e-06 1 21 
9.53674e-07 1 21 
2.14577e-06 1 168 
1.90735e-06 1 252 
1.90735e-06 1 168 
1.90735e-06 1 252 
1.90735e-06 1 168 
2.14577e-06 1 252 
1.90735e-06 1 168 
1.90735e-06 1 252 
1.90735e-06 1 168 
2.14577e-06 1 252 
1.90735e-06 1 168 
1.90735e-06 1 252 
1.90735e-06 1 168 
3.09944e-06 1 252 
1.90735e-06 1 168 
2.86102e-06 1 252 
1.90735e-06 1 252 
1.90735e-06 1 168 
2.14577e-06 1 252 
2.14577e-06 1 168 
2.14577e-06 1 252 
9.53674e-07 1 168 
2.14577e-06 1 252 
9.53674e-07 1 168 
2.5034e-05 1 19321 
5.00679e-06 1 3336 
4.05312e-06 1 3336 
1.78814e-05 1 19321 
2.40803e-05 1 19321 
5.00679e-06 1 3336 
3.8147e-06 1 3336 
1.81198e-05 1 19321 
2.38419e-05 1 19321 
5.96046e-06 1 3336 
4.05312e-06 1 3336 
1.69277e-05 1 19321 
2.69413e-05 1 19321 
5.00679e-06 1 3336 
4.05312e-06 1 3336 
1.88351e-05 1 19321 
3.31402e-05 1 19321 
5.00679e-06 1 3336 
4.05312e-06 1 3336 
1.78814e-05 1 19321 
5.00679e-06 1 576 
3.8147e-06 1 576 
3.09944e-06 1 324 
1.90735e-06 1 216 
2.86102e-06 1 324 
1.90735e-06 1 216 
2.86102e-06 1 324 
2.14577e-06 1 216 
2.86102e-06 1 324 
9.53674e-07 1 216 
1.90735e-06 1 216 
1.90735e-06 1 384 
1.90735e-06 1 216 
2.14577e-06 1 384 
1.90735e-06 1 216 
3.09944e-06 1 384 
9.53674e-07 1 216 
1.90735e-06 1 384 
3.09944e-06 1 576 
2.14577e-06 1 24 
3.09944e-06 1 576 
9.53674e-07 1 24 
2.14577e-06 1 216 
2.86102e-06 1 324 
1.90735e-06 1 216 
2.86102e-06 1 324 
2.14577e-06 1 216 
2.86102e-06 1 324 
2.14577e-06 1 216 
2.14577e-06 1 324 
1.90735e-06 1 324 
3.09944e-06 1 324 
2.14577e-06 1 324 
2.14577e-06 1 324 
3.09944e-06 1 216 
9.53674e-07 1 24 
1.90735e-06 1 216 
1.90735e-06 1 24 
1.90735e-06 1 216 
3.09944e-06 1 384 
1.19209e-06 1 216 
3.09944e-06 1 384 
1.19209e-06 1 216 
1.90735e-06 1 384 
9.53674e-07 1 216 
1.90735e-06 1 384 
2.14577e-06 1 384 
1.90735e-06 1 64 
2.14577e-06 1 64 
1.90735e-06 1 384 
2.86102e-06 1 864 
6.19888e-06 1 1536 
2.14577e-06 1 864 
5.00679e-06 1 1536 
1.90735e-06 1 864 
5.00679e-06 1 1536 
1.90735e-06 1 864 
5.00679e-06 1 1536 
5.00679e-06 1 1536 
1.90735e-06 1 24 
6.19888e-06 1 1536 
9.53674e-07 1 24 
3.09944e-06 1 864 
1.90735e-06 1 864 
3.09944e-06 1 864 
5.00679e-06 1 1536 
2.14577e-06 1 864 
5.00679e-06 1 1536 
1.90735e-06 1 864 
3.8147e-06 1 1536 
1.90735e-06 1 864 
5.00679e-06 1 1536 
5.96046e-06 1 1536 
9.53674e-07 1 24 
5.96046e-06 1 1536 
9.53674e-07 1 24 
1.90735e-06 1 216 
2.86102e-06 1 384 
1.90735e-06 1 216 
2.86102e-06 1 384 
1.90735e-06 1 216 
3.09944e-06 1 384 
1.19209e-06 1 216 
1.90735e-06 1 384 
1.90735e-06 1 216 
3.09944e-06 1 324 
1.90735e-06 1 216 
3.09944e-06 1 324 
1.90735e-06 1 216 
1.90735e-06 1 324 
9.53674e-07 1 216 
3.09944e-06 1 324 
4.05312e-06 1 576 
3.09944e-06 1 576 
4.05312e-06 1 576 
4.05312e-06 1 576 
2.86102e-06 1 576 
2.86102e-06 1 576 
5.00679e-06 1 576 
4.05312e-06 1 576 
4.76837e-06 1 576 
9.53674e-07 1 24 
4.05312e-06 1 576 
1.90735e-06 1 24 
3.09944e-06 1 216 
2.86102e-06 1 324 
1.90735e-06 1 216 
2.86102e-06 1 324 
1.90735e-06 1 216 
3.09944e-06 1 324 
1.90735e-06 1 216 
1.90735e-06 1 324 
5.00679e-06 1 576 
9.53674e-07 1 24 
3.8147e-06 1 576 
1.90735e-06 1 24 
2.86102e-06 1 384 
2.14577e-06 1 24 
1.90735e-06 1 24 
3.09944e-06 1 384 
2.86102e-06 1 216 
3.09944e-06 1 324 
1.90735e-06 1 216 
3.09944e-06 1 324 
1.90735e-06 1 216 
1.90735e-06 1 324 
2.14577e-06 1 216 
3.09944e-06 1 324 
3.09944e-06 1 324 
3.09944e-06 1 324 
1.90735e-06 1 144 
9.53674e-07 1 144 
1.90735e-06 1 216 
3.09944e-06 1 324 
2.14577e-06 1 216 
3.09944e-06 1 324 
1.90735e-06 1 216 
2.14577e-06 1 324 
1.90735e-06 1 216 
2.86102e-06 1 324 
5.00679e-06 1 576 
4.05312e-06 1 576 
3.09944e-06 1 576 
4.05312e-06 1 576 
2.86102e-06 1 576 
4.05312e-06 1 576 
3.09944e-06 1 324 
1.90735e-06 1 216 
2.86102e-06 1 324 
1.90735e-06 1 216 
2.14577e-06 1 324 
1.90735e-06 1 216 
2.14577e-06 1 324 
2.14577e-06 1 216 
5.96046e-06 1 864 
1.90735e-06 1 324 
2.86102e-06 1 324 
5.96046e-06 1 864 
2.86102e-06 1 324 
2.14577e-06 1 216 
3.09944e-06 1 324 
2.14577e-06 1 216 
2.86102e-06 1 324 
2.14577e-06 1 216 
3.09944e-06 1 324 
2.14577e-06 1 216 
3.09944e-06 1 216 
2.86102e-06 1 324 
1.90735e-06 1 216 
2.86102e-06 1 324 
1.90735e-06 1 216 
1.90735e-06 1 324 
2.14577e-06 1 216 
3.09944e-06 1 324 
3.09944e-06 1 324 
1.90735e-06 1 216 
3.09944e-06 1 324 
1.90735e-06 1 216 
3.09944e-06 1 324 
1.90735e-06 1 216 
3.09944e-06 1 324 
1.19209e-06 1 216 
3.09944e-06 1 384 
1.90735e-06 1 384 
2.14577e-06 1 384 
2.14577e-06 1 384 
1.90735e-06 1 24 
1.90735e-06 1 24 
1.90735e-06 1 216 
3.09944e-06 1 324 
1.90735e-06 1 216 
3.09944e-06 1 324 
2.14577e-06 1 216 
2.86102e-06 1 324 
1.90735e-06 1 216 
2.14577e-06 1 324 
1.90735e-06 1 216 
3.09944e-06 1 324 
1.19209e-06 1 216 
3.09944e-06 1 324 
1.90735e-06 1 216 
3.09944e-06 1 324 
1.90735e-06 1 216 
2.86102e-06 1 324 
3.09944e-06 1 324 
1.90735e-06 1 216 
3.09944e-06 1 324 
9.53674e-07 1 216 
2.14577e-06 1 324 
1.90735e-06 1 216 
2.14577e-06 1 324 
2.14577e-06 1 216 
1.00136e-05 1 5329 
4.05312e-06 1 2555 
3.09944e-06 1 2555 
5.96046e-06 1 5329 
8.82149e-06 1 5329 
4.76837e-06 1 2555 
2.86102e-06 1 2555 
6.19888e-06 1 5329 
9.05991e-06 1 5329 
5.00679e-06 1 2555 
2.86102e-06 1 2555 
6.19888e-06 1 5329 
8.10623e-06 1 5329 
2.86102e-06 1 2555 
3.09944e-06 1 2555 
5.00679e-06 1 5329 
1.00136e-05 1 5329 
5.00679e-06 1 2555 
3.09944e-06 1 2555 
5.00679e-06 1 5329 
5.00679e-06 1 576 
4.05312e-06 1 576 
1.90735e-06 1 336 
2.14577e-06 1 210 
2.14577e-06 1 336 
1.19209e-06 1 210 
2.86102e-06 1 336 
2.14577e-06 1 210 
2.14577e-06 1 336 
1.90735e-06 1 210 
2.14577e-06 1 210 
2.86102e-06 1 360 
2.14577e-06 1 210 
1.90735e-06 1 360 
9.53674e-07 1 210 
1.90735e-06 1 360 
1.90735e-06 1 210 
2.14577e-06 1 360 
4.05312e-06 1 576 
9.53674e-07 1 24 
2.86102e-06 1 576 
9.53674e-07 1 24 
2.86102e-06 1 210 
3.09944e-06 1 336 
2.14577e-06 1 210 
3.09944e-06 1 336 
1.90735e-06 1 210 
3.09944e-06 1 336 
2.14577e-06 1 210 
1.90735e-06 1 336 
2.14577e-06 1 336 
1.90735e-06 1 336 
1.19209e-06 1 16 
1.90735e-06 1 16 
1.90735e-06 1 336 
1.90735e-06 1 336 
4.05312e-06 1 384 
1.90735e-06 1 24 
2.86102e-06 1 384 
9.53674e-07 1 24 
1.90735e-06 1 210 
1.90735e-06 1 360 
2.14577e-06 1 210 
2.14577e-06 1 360 
1.90735e-06 1 210 
3.09944e-06 1 360 
2.14577e-06 1 210 
5.00679e-06 1 360 
2.86102e-06 1 360 
1.19209e-06 1 36 
1.90735e-06 1 36 
2.14577e-06 1 360 
3.09944e-06 1 504 
4.05312e-06 1 864 
3.09944e-06 1 504 
4.05312e-06 1 864 
1.90735e-06 1 504 
3.09944e-06 1 864 
1.90735e-06 1 504 
4.05312e-06 1 864 
3.8147e-06 1 864 
2.14577e-06 1 24 
4.05312e-06 1 864 
9.53674e-07 1 24 
3.09944e-06 1 504 
1.90735e-06 1 504 
3.09944e-06 1 504 
4.05312e-06 1 864 
1.90735e-06 1 504 
4.05312e-06 1 864 
1.90735e-06 1 504 
3.09944e-06 1 864 
1.90735e-06 1 504 
4.05312e-06 1 864 
3.8147e-06 1 864 
9.53674e-07 1 24 
4.05312e-06 1 864 
9.53674e-07 1 24 
1.90735e-06 1 210 
2.14577e-06 1 360 
1.90735e-06 1 210 
1.90735e-06 1 360 
9.53674e-07 1 210 
2.14577e-06 1 360 
2.14577e-06 1 210 
1.90735e-06 1 360 
1.90735e-06 1 210 
2.86102e-06 1 336 
1.90735e-06 1 210 
2.14577e-06 1 336 
9.53674e-07 1 210 
2.14577e-06 1 336 
1.90735e-06 1 210 
1.90735e-06 1 336 
3.8147e-06 1 576 
2.86102e-06 1 576 
3.09944e-06 1 576 
4.05312e-06 1 576 
1.90735e-06 1 576 
3.09944e-06 1 576 
5.00679e-06 1 576 
4.05312e-06 1 576 
4.05312e-06 1 576 
1.90735e-06 1 24 
4.05312e-06 1 576 
9.53674e-07 1 24 
1.90735e-06 1 210 
2.14577e-06 1 336 
1.90735e-06 1 210 
1.90735e-06 1 336 
2.14577e-06 1 210 
2.86102e-06 1 336 
1.90735e-06 1 210 
3.09944e-06 1 336 
4.05312e-06 1 576 
1.90735e-06 1 24 
3.09944e-06 1 576 
1.90735e-06 1 24 
3.09944e-06 1 360 
9.53674e-07 1 24 
9.53674e-07 1 24 
1.90735e-06 1 360 
2.14577e-06 1 210 
1.90735e-06 1 336 
2.14577e-06 1 210 
3.09944e-06 1 336 
9.53674e-07 1 210 
2.14577e-06 1 336 
2.14577e-06 1 210 
1.90735e-06 1 336 
2.14577e-06 1 336 
1.90735e-06 1 336 
2.86102e-06 1 240 
2.14577e-06 1 240 
1.90735e-06 1 210 
3.09944e-06 1 336 
1.90735e-06 1 210 
2.86102e-06 1 336 
1.90735e-06 1 210 
3.09944e-06 1 336 
1.90735e-06 1 210 
2.86102e-06 1 336 
5.00679e-06 1 576 
4.05312e-06 1 576 
3.8147e-06 1 576 
3.09944e-06 1 576 
4.05312e-06 1 576 
3.09944e-06 1 576 
2.14577e-06 1 336 
1.90735e-06 1 210 
2.14577e-06 1 336 
2.14577e-06 1 210 
1.90735e-06 1 336 
9.53674e-07 1 210 
1.90735e-06 1 336 
1.90735e-06 1 210 
4.05312e-06 1 504 
9.53674e-07 1 24 
1.90735e-06 1 336 
3.09944e-06 1 336 
4.05312e-06 1 504 
1.90735e-06 1 24 
1.90735e-06 1 336 
2.14577e-06 1 210 
2.86102e-06 1 336 
1.90735e-06 1 210 
2.14577e-06 1 336 
1.90735e-06 1 210 
1.90735e-06 1 336 
2.14577e-06 1 210 
2.86102e-06 1 210 
3.09944e-06 1 336 
1.90735e-06 1 210 
1.90735e-06 1 336 
2.14577e-06 1 210 
1.90735e-06 1 336 
1.90735e-06 1 210 
3.09944e-06 1 336 
2.14577e-06 1 336 
1.90735e-06 1 210 
1.90735e-06 1 336 
2.14577e-06 1 210 
2.86102e-06 1 336 
2.14577e-06 1 210 
2.14577e-06 1 336 
1.90735e-06 1 210 
1.90735e-06 1 360 
1.90735e-06 1 360 
1.90735e-06 1 360 
1.90735e-06 1 360 
9.53674e-07 1 24 
1.90735e-06 1 24 
1.90735e-06 1 210 
3.09944e-06 1 336 
2.14577e-06 1 210 
2.14577e-06 1 336 
2.14577e-06 1 210 
2.86102e-06 1 336 
1.90735e-06 1 210 
2.14577e-06 1 336 
1.69277e-05 1 210 
3.09944e-06 1 336 
1.90735e-06 1 210 
3.09944e-06 1 336 
2.14577e-06 1 210 
1.90735e-06 1 336 
2.14577e-06 1 210 
1.90735e-06 1 336 
3.09944e-06 1 336 
1.90735e-06 1 210 
2.86102e-06 1 336 
1.90735e-06 1 210 
1.90735e-06 1 336 
1.19209e-06 1 210 
2.14577e-06 1 336 
9.53674e-07 1 210 
4.69685e-05 1 10201 
5.00679e-06 1 3737 
4.05312e-06 1 3737 
8.82149e-06 1 10201 
1.40667e-05 1 10201 
5.96046e-06 1 3737 
4.05312e-06 1 3737 
8.82149e-06 1 10201 
1.40667e-05 1 10201 
5.96046e-06 1 3737 
4.05312e-06 1 3737 
9.05991e-06 1 10201 
1.19209e-05 1 10201 
5.96046e-06 1 3737 
4.05312e-06 1 3737 
7.86781e-06 1 10201 
1.19209e-05 1 10201 
5.00679e-06 1 3737 
4.05312e-06 1 3737 
7.86781e-06 1 10201 
5.00679e-06 1 784 
4.05312e-06 1 784 
3.09944e-06 1 448 
3.09944e-06 1 280 
3.09944e-06 1 448 
2.14577e-06 1 280 
2.86102e-06 1 448 
2.14577e-06 1 280 
3.09944e-06 1 448 
9.53674e-07 1 280 
1.90735e-06 1 280 
2.14577e-06 1 490 
2.14577e-06 1 280 
1.90735e-06 1 490 
2.14577e-06 1 280 
2.86102e-06 1 490 
9.53674e-07 1 280 
3.09944e-06 1 490 
3.09944e-06 1 784 
1.90735e-06 1 28 
3.8147e-06 1 784 
9.53674e-07 1 28 
2.14577e-06 1 280 
2.86102e-06 1 448 
2.14577e-06 1 280 
3.09944e-06 1 448 
1.90735e-06 1 280 
3.09944e-06 1 448 
2.14577e-06 1 280 
3.09944e-06 1 448 
2.14577e-06 1 448 
1.90735e-06 1 448 
9.53674e-07 1 16 
9.53674e-07 1 16 
1.90735e-06 1 448 
3.09944e-06 1 448 
4.05312e-06 1 448 
9.53674e-07 1 28 
2.86102e-06 1 448 
2.14577e-06 1 28 
1.90735e-06 1 280 
1.90735e-06 1 490 
2.14577e-06 1 280 
1.90735e-06 1 490 
2.14577e-06 1 280 
2.86102e-06 1 490 
2.14577e-06 1 280 
2.86102e-06 1 490 
2.86102e-06 1 490 
1.19209e-06 1 49 
1.90735e-06 1 49 
1.90735e-06 1 490 
3.09944e-06 1 784 
5.00679e-06 1 1372 
2.14577e-06 1 784 
4.05312e-06 1 1372 
3.09944e-06 1 784 
4.05312e-06 1 1372 
1.90735e-06 1 784 
3.8147e-06 1 1372 
5.00679e-06 1 1372 
1.90735e-06 1 28 
3.8147e-06 1 1372 
1.90735e-06 1 28 
3.09944e-06 1 784 
2.14577e-06 1 784 
4.05312e-06 1 784 
5.96046e-06 1 1372 
1.90735e-06 1 784 
5.00679e-06 1 1372 
1.90735e-06 1 784 
4.05312e-06 1 1372 
3.09944e-06 1 784 
5.00679e-06 1 1372 
5.00679e-06 1 1372 
9.53674e-07 1 28 
5.00679e-06 1 1372 
2.14577e-06 1 28 
3.09944e-06 1 280 
2.86102e-06 1 490 
1.90735e-06 1 280 
1.90735e-06 1 490 
2.14577e-06 1 280 
2.86102e-06 1 490 
2.14577e-06 1 280 
3.09944e-06 1 490 
2.14577e-06 1 280 
2.86102e-06 1 448 
2.14577e-06 1 280 
3.09944e-06 1 448 
1.90735e-06 1 280 
3.09944e-06 1 448 
9.53674e-07 1 280 
2.86102e-06 1 448 
4.05312e-06 1 784 
5.00679e-06 1 784 
4.05312e-06 1 784 
4.05312e-06 1 784 
2.86102e-06 1 784 
3.8147e-06 1 784 
5.96046e-06 1 784 
5.00679e-06 1 784 
6.19888e-06 1 784 
1.90735e-06 1 28 
4.05312e-06 1 784 
1.90735e-06 1 28 
1.90735e-06 1 280 
3.09944e-06 1 448 
1.90735e-06 1 280 
3.09944e-06 1 448 
1.90735e-06 1 280 
3.09944e-06 1 448 
2.14577e-06 1 280 
2.14577e-06 1 448 
5.00679e-06 1 784 
1.90735e-06 1 28 
4.05312e-06 1 784 
1.90735e-06 1 28 
3.09944e-06 1 490 
1.90735e-06 1 28 
2.14577e-06 1 28 
1.90735e-06 1 490 
1.90735e-06 1 280 
3.09944e-06 1 448 
1.90735e-06 1 280 
3.09944e-06 1 448 
2.14577e-06 1 280 
2.86102e-06 1 448 
9.53674e-07 1 280 
3.09944e-06 1 448 
2.86102e-06 1 448 
3.09944e-06 1 448 
1.90735e-06 1 280 
1.19209e-06 1 280 
1.90735e-06 1 280 
3.09944e-06 1 448 
1.90735e-06 1 280 
3.09944e-06 1 448 
1.90735e-06 1 280 
2.14577e-06 1 448 
2.14577e-06 1 280 
3.09944e-06 1 448 
3.8147e-06 1 784 
3.8147e-06 1 784 
4.05312e-06 1 784 
4.05312e-06 1 784 
3.8147e-06 1 784 
4.05312e-06 1 784 
3.09944e-06 1 448 
1.90735e-06 1 280 
2.86102e-06 1 448 
1.90735e-06 1 280 
3.09944e-06 1 448 
1.90735e-06 1 280 
3.09944e-06 1 448 
2.14577e-06 1 280 
5.96046e-06 1 784 
1.19209e-06 1 28 
2.86102e-06 1 448 
2.86102e-06 1 448 
4.05312e-06 1 784 
9.53674e-07 1 28 
3.09944e-06 1 448 
2.14577e-06 1 280 
2.86102e-06 1 448 
1.90735e-06 1 280 
1.90735e-06 1 448 
1.90735e-06 1 280 
2.14577e-06 1 448 
2.14577e-06 1 280 
3.09944e-06 1 280 
3.09944e-06 1 448 
1.90735e-06 1 280 
3.09944e-06 1 448 
1.90735e-06 1 280 
2.86102e-06 1 448 
2.14577e-06 1 280 
3.09944e-06 1 448 
3.09944e-06 1 448 
2.14577e-06 1 280 
3.09944e-06 1 448 
2.14577e-06 1 280 
3.09944e-06 1 448 
1.90735e-06 1 280 
3.09944e-06 1 448 
2.14577e-06 1 280 
1.90735e-06 1 490 
2.14577e-06 1 490 
2.86102e-06 1 490 
1.90735e-06 1 490 
9.53674e-07 1 28 
2.14577e-06 1 28 
2.86102e-06 1 280 
4.05312e-06 1 448 
1.90735e-06 1 280 
2.86102e-06 1 448 
2.14577e-06 1 280 
2.86102e-06 1 448 
9.53674e-07 1 280 
3.09944e-06 1 448 
2.14577e-06 1 280 
2.86102e-06 1 448 
2.14577e-06 1 280 
3.09944e-06 1 448 
2.14577e-06 1 280 
1.90735e-06 1 448 
1.90735e-06 1 280 
1.90735e-06 1 448 
3.09944e-06 1 448 
2.14577e-06 1 280 
3.09944e-06 1 448 
2.14577e-06 1 280 
2.86102e-06 1 448 
2.14577e-06 1 280 
3.09944e-06 1 448 
2.14577e-06 1 280 
7.86781e-06 1 5329 
3.09944e-06 1 1460 
2.86102e-06 1 1460 
6.19888e-06 1 5329 
9.05991e-06 1 5329 
3.09944e-06 1 1460 
3.09944e-06 1 1460 
5.00679e-06 1 5329 
9.05991e-06 1 5329 
3.09944e-06 1 1460 
3.09944e-06 1 1460 
5.96046e-06 1 5329 
9.05991e-06 1 5329 
3.09944e-06 1 1460 
2.86102e-06 1 1460 
5.00679e-06 1 5329 
8.10623e-06 1 5329 
3.09944e-06 1 1460 
3.09944e-06 1 1460 
5.00679e-06 1 5329 
5.00679e-06 1 324 
3.09944e-06 1 324 
1.90735e-06 1 189 
1.19209e-06 1 126 
2.14577e-06 1 189 
1.90735e-06 1 126 
1.90735e-06 1 189 
9.53674e-07 1 126 
2.14577e-06 1 189 
9.53674e-07 1 126 
1.90735e-06 1 126 
2.14577e-06 1 216 
2.14577e-06 1 126 
2.14577e-06 1 216 
2.14577e-06 1 126 
1.90735e-06 1 216 
9.53674e-07 1 126 
2.14577e-06 1 216 
2.86102e-06 1 324 
1.19209e-06 1 18 
3.09944e-06 1 324 
1.90735e-06 1 18 
1.90735e-06 1 126 
2.14577e-06 1 189 
1.90735e-06 1 126 
2.86102e-06 1 189 
9.53674e-07 1 126 
1.90735e-06 1 189 
1.90735e-06 1 126 
1.90735e-06 1 189 
2.14577e-06 1 189 
1.90735e-06 1 189 
1.90735e-06 1 189 
2.14577e-06 1 189 
3.09944e-06 1 162 
1.90735e-06 1 18 
2.14577e-06 1 162 
2.14577e-06 1 18 
1.90735e-06 1 126 
2.14577e-06 1 216 
1.90735e-06 1 126 
2.14577e-06 1 216 
1.90735e-06 1 126 
2.14577e-06 1 216 
2.14577e-06 1 126 
1.90735e-06 1 216 
2.86102e-06 1 216 
2.14577e-06 1 36 
1.90735e-06 1 36 
2.14577e-06 1 216 
1.90735e-06 1 378 
3.8147e-06 1 648 
1.90735e-06 1 378 
2.86102e-06 1 648 
2.14577e-06 1 378 
2.86102e-06 1 648 
1.90735e-06 1 378 
2.86102e-06 1 648 
4.05312e-06 1 648 
1.90735e-06 1 18 
3.09944e-06 1 648 
1.90735e-06 1 18 
2.86102e-06 1 378 
2.14577e-06 1 378 
1.90735e-06 1 378 
2.86102e-06 1 648 
1.90735e-06 1 378 
3.09944e-06 1 648 
1.19209e-06 1 378 
2.86102e-06 1 648 
2.14577e-06 1 378 
3.09944e-06 1 648 
2.86102e-06 1 648 
1.90735e-06 1 18 
4.05312e-06 1 648 
9.53674e-07 1 18 
2.14577e-06 1 126 
2.86102e-06 1 216 
1.19209e-06 1 126 
3.09944e-06 1 216 
1.90735e-06 1 126 
1.90735e-06 1 216 
1.90735e-06 1 126 
9.53674e-07 1 216 
2.14577e-06 1 126 
1.90735e-06 1 189 
9.53674e-07 1 126 
2.14577e-06 1 189 
9.53674e-07 1 126 
1.90735e-06 1 189 
1.90735e-06 1 126 
2.14577e-06 1 189 
2.86102e-06 1 324 
3.09944e-06 1 324 
3.09944e-06 1 324 
3.09944e-06 1 324 
3.09944e-06 1 324 
2.14577e-06 1 324 
4.05312e-06 1 324 
2.86102e-06 1 324 
2.86102e-06 1 324 
1.90735e-06 1 18 
2.86102e-06 1 324 
9.53674e-07 1 18 
2.14577e-06 1 126 
1.90735e-06 1 189 
2.14577e-06 1 126 
1.90735e-06 1 189 
2.14577e-06 1 126 
1.90735e-06 1 189 
9.53674e-07 1 126 
2.14577e-06 1 189 
3.09944e-06 1 324 
9.53674e-07 1 18 
2.86102e-06 1 324 
2.14577e-06 1 18 
1.90735e-06 1 216 
9.53674e-07 1 18 
1.90735e-06 1 18 
1.90735e-06 1 216 
1.90735e-06 1 126 
3.09944e-06 1 189 
9.53674e-07 1 126 
3.09944e-06 1 189 
9.53674e-07 1 126 
2.14577e-06 1 189 
2.14577e-06 1 126 
1.90735e-06 1 189 
2.86102e-06 1 189 
2.86102e-06 1 189 
2.14577e-06 1 108 
1.90735e-06 1 108 
2.14577e-06 1 126 
1.90735e-06 1 189 
1.90735e-06 1 126 
1.90735e-06 1 189 
2.14577e-06 1 126 
1.90735e-06 1 189 
2.14577e-06 1 126 
2.14577e-06 1 189 
3.8147e-06 1 324 
1.90735e-06 1 324 
3.09944e-06 1 324 
3.09944e-06 1 324 
4.05312e-06 1 324 
2.14577e-06 1 324 
1.90735e-06 1 189 
1.90735e-06 1 126 
2.86102e-06 1 189 
9.53674e-07 1 126 
1.90735e-06 1 189 
2.14577e-06 1 126 
1.90735e-06 1 189 
9.53674e-07 1 126 
4.05312e-06 1 378 
2.86102e-06 1 189 
1.90735e-06 1 189 
4.05312e-06 1 378 
2.14577e-06 1 189 
1.90735e-06 1 126 
3.09944e-06 1 189 
9.53674e-07 1 126 
1.90735e-06 1 189 
9.53674e-07 1 126 
1.90735e-06 1 189 
9.53674e-07 1 126 
2.14577e-06 1 126 
1.90735e-06 1 189 
2.14577e-06 1 126 
1.90735e-06 1 189 
2.14577e-06 1 126 
1.90735e-06 1 189 
1.90735e-06 1 126 
2.14577e-06 1 189 
2.86102e-06 1 189 
9.53674e-07 1 126 
1.90735e-06 1 189 
1.90735e-06 1 126 
1.90735e-06 1 189 
2.14577e-06 1 126 
2.14577e-06 1 189 
9.53674e-07 1 126 
1.90735e-06 1 216 
2.14577e-06 1 216 
1.90735e-06 1 216 
1.90735e-06 1 216 
9.53674e-07 1 18 
1.90735e-06 1 18 
1.90735e-06 1 126 
3.09944e-06 1 189 
2.14577e-06 1 126 
2.86102e-06 1 189 
2.14577e-06 1 126 
1.90735e-06 1 189 
9.53674e-07 1 126 
2.14577e-06 1 189 
1.90735e-06 1 126 
2.14577e-06 1 189 
2.14577e-06 1 126 
2.14577e-06 1 189 
1.19209e-06 1 126 
1.90735e-06 1 189 
2.14577e-06 1 126 
2.14577e-06 1 189 
1.90735e-06 1 189 
1.90735e-06 1 126 
1.90735e-06 1 189 
2.14577e-06 1 126 
1.90735e-06 1 189 
9.53674e-07 1 126 
1.90735e-06 1 189 
1.19209e-06 1 126 
1.12057e-05 1 7569 
4.05312e-06 1 1914 
2.86102e-06 1 1914 
6.91414e-06 1 7569 
1.09673e-05 1 7569 
4.05312e-06 1 1914 
2.86102e-06 1 1914 
7.15256e-06 1 7569 
1.00136e-05 1 7569 
2.86102e-06 1 1914 
3.09944e-06 1 1914 
6.91414e-06 1 7569 
9.05991e-06 1 7569 
4.05312e-06 1 1914 
2.86102e-06 1 1914 
5.96046e-06 1 7569 
1.12057e-05 1 7569 
4.05312e-06 1 1914 
3.09944e-06 1 1914 
7.15256e-06 1 7569 
3.09944e-06 1 324 
3.09944e-06 1 324 
1.90735e-06 1 189 
2.14577e-06 1 126 
2.14577e-06 1 189 
1.90735e-06 1 126 
2.14577e-06 1 189 
1.90735e-06 1 126 
2.86102e-06 1 189 
2.14577e-06 1 126 
2.14577e-06 1 126 
2.86102e-06 1 216 
1.19209e-06 1 126 
3.09944e-06 1 216 
9.53674e-07 1 126 
1.90735e-06 1 216 
1.90735e-06 1 126 
1.90735e-06 1 216 
2.86102e-06 1 324 
2.14577e-06 1 18 
1.90735e-06 1 324 
1.90735e-06 1 18 
1.90735e-06 1 126 
1.90735e-06 1 189 
1.90735e-06 1 126 
2.14577e-06 1 189 
9.53674e-07 1 126 
1.90735e-06 1 189 
9.53674e-07 1 126 
2.14577e-06 1 189 
1.90735e-06 1 189 
2.14577e-06 1 189 
9.53674e-07 1 189 
1.90735e-06 1 189 
2.86102e-06 1 162 
2.14577e-06 1 18 
3.09944e-06 1 162 
1.90735e-06 1 18 
2.14577e-06 1 126 
1.90735e-06 1 216 
1.90735e-06 1 126 
1.90735e-06 1 216 
1.90735e-06 1 126 
2.14577e-06 1 216 
1.19209e-06 1 126 
1.90735e-06 1 216 
2.86102e-06 1 216 
9.53674e-07 1 36 
9.53674e-07 1 36 
1.90735e-06 1 216 
2.86102e-06 1 378 
3.09944e-06 1 648 
2.14577e-06 1 378 
3.09944e-06 1 648 
1.90735e-06 1 378 
3.09944e-06 1 648 
1.90735e-06 1 378 
2.86102e-06 1 648 
4.05312e-06 1 648 
1.90735e-06 1 18 
4.05312e-06 1 648 
9.53674e-07 1 18 
3.09944e-06 1 378 
2.14577e-06 1 378 
3.8147e-06 1 378 
3.8147e-06 1 648 
2.86102e-06 1 378 
4.05312e-06 1 648 
1.90735e-06 1 378 
3.8147e-06 1 648 
3.09944e-06 1 378 
3.09944e-06 1 648 
4.05312e-06 1 648 
1.90735e-06 1 18 
3.09944e-06 1 648 
2.14577e-06 1 18 
2.14577e-06 1 126 
2.86102e-06 1 216 
1.90735e-06 1 126 
2.14577e-06 1 216 
9.53674e-07 1 126 
2.14577e-06 1 216 
2.14577e-06 1 126 
1.90735e-06 1 216 
1.90735e-06 1 126 
3.09944e-06 1 189 
2.14577e-06 1 126 
1.90735e-06 1 189 
1.90735e-06 1 126 
1.90735e-06 1 189 
1.90735e-06 1 126 
2.14577e-06 1 189 
3.09944e-06 1 324 
2.86102e-06 1 324 
3.09944e-06 1 324 
2.86102e-06 1 324 
1.90735e-06 1 324 
2.86102e-06 1 324 
4.05312e-06 1 324 
3.09944e-06 1 324 
4.05312e-06 1 324 
1.90735e-06 1 18 
3.09944e-06 1 324 
9.53674e-07 1 18 
1.19209e-06 1 126 
1.90735e-06 1 189 
9.53674e-07 1 126 
2.86102e-06 1 189 
1.90735e-06 1 126 
2.14577e-06 1 189 
9.53674e-07 1 126 
1.90735e-06 1 189 
2.86102e-06 1 324 
1.19209e-06 1 18 
3.09944e-06 1 324 
1.90735e-06 1 18 
2.14577e-06 1 216 
9.53674e-07 1 18 
9.53674e-07 1 18 
2.14577e-06 1 216 
1.90735e-06 1 126 
2.14577e-06 1 189 
1.90735e-06 1 126 
1.90735e-06 1 189 
2.14577e-06 1 126 
1.90735e-06 1 189 
9.53674e-07 1 126 
1.90735e-06 1 189 
1.90735e-06 1 189 
2.14577e-06 1 189 
1.90735e-06 1 108 
2.14577e-06 1 108 
1.90735e-06 1 126 
2.14577e-06 1 189 
2.14577e-06 1 126 
1.90735e-06 1 189 
1.19209e-06 1 126 
1.90735e-06 1 189 
9.53674e-07 1 126 
2.14577e-06 1 189 
3.09944e-06 1 324 
3.09944e-06 1 324 
1.90735e-06 1 324 
3.09944e-06 1 324 
2.86102e-06 1 324 
3.09944e-06 1 324 
3.09944e-06 1 189 
9.53674e-07 1 126 
1.90735e-06 1 189 
1.90735e-06 1 126 
1.90735e-06 1 189 
2.14577e-06 1 126 
2.14577e-06 1 189 
1.90735e-06 1 126 
4.05312e-06 1 378 
2.86102e-06 1 189 
1.90735e-06 1 189 
3.09944e-06 1 378 
2.14577e-06 1 189 
9.53674e-07 1 126 
1.90735e-06 1 189 
9.53674e-07 1 126 
1.90735e-06 1 189 
1.90735e-06 1 126 
1.90735e-06 1 189 
2.14577e-06 1 126 
1.90735e-06 1 126 
2.14577e-06 1 189 
1.90735e-06 1 126 
2.14577e-06 1 189 
9.53674e-07 1 126 
2.14577e-06 1 189 
1.90735e-06 1 126 
1.90735e-06 1 189 
2.14577e-06 1 189 
2.14577e-06 1 126 
2.86102e-06 1 189 
9.53674e-07 1 126 
1.90735e-06 1 189 
9.53674e-07 1 126 
1.90735e-06 1 189 
9.53674e-07 1 126 
3.09944e-06 1 216 
1.90735e-06 1 216 
1.90735e-06 1 216 
9.53674e-07 1 216 
2.14577e-06 1 18 
2.14577e-06 1 18 
1.90735e-06 1 126 
3.09944e-06 1 189 
1.90735e-06 1 126 
1.90735e-06 1 189 
2.14577e-06 1 126 
1.90735e-06 1 189 
9.53674e-07 1 126 
1.90735e-06 1 189 
1.90735e-06 1 126 
1.90735e-06 1 189 
2.14577e-06 1 126 
1.90735e-06 1 189 
9.53674e-07 1 126 
1.90735e-06 1 189 
2.14577e-06 1 126 
1.90735e-06 1 189 
1.90735e-06 1 189 
9.53674e-07 1 126 
2.14577e-06 1 189 
1.90735e-06 1 126 
2.14577e-06 1 189 
9.53674e-07 1 126 
2.14577e-06 1 189 
9.53674e-07 1 126 
5.00679e-05 1 10609 
4.05312e-06 1 2472 
4.05312e-06 1 2472 
1.00136e-05 1 10609 
1.3113e-05 1 10609 
4.05312e-06 1 2472 
4.05312e-06 1 2472 
9.05991e-06 1 10609 
1.40667e-05 1 10609 
4.05312e-06 1 2472 
3.09944e-06 1 2472 
8.10623e-06 1 10609 
1.28746e-05 1 10609 
4.05312e-06 1 2472 
3.8147e-06 1 2472 
9.05991e-06 1 10609 
1.28746e-05 1 10609 
5.00679e-06 1 2472 
2.86102e-06 1 2472 
9.05991e-06 1 10609 
4.05312e-06 1 441 
3.09944e-06 1 441 
1.90735e-06 1 252 
2.14577e-06 1 168 
3.09944e-06 1 252 
1.90735e-06 1 168 
3.09944e-06 1 252 
1.90735e-06 1 168 
2.14577e-06 1 252 
1.90735e-06 1 168 
9.53674e-07 1 168 
1.90735e-06 1 294 
1.90735e-06 1 168 
2.14577e-06 1 294 
1.19209e-06 1 168 
1.90735e-06 1 294 
9.53674e-07 1 168 
1.90735e-06 1 294 
4.05312e-06 1 441 
1.19209e-06 1 21 
3.09944e-06 1 441 
1.19209e-06 1 21 
3.09944e-06 1 168 
1.90735e-06 1 252 
2.14577e-06 1 168 
3.09944e-06 1 252 
1.90735e-06 1 168 
2.14577e-06 1 252 
1.90735e-06 1 168 
1.90735e-06 1 252 
1.90735e-06 1 252 
1.90735e-06 1 252 
1.90735e-06 1 252 
1.90735e-06 1 252 
3.09944e-06 1 189 
1.90735e-06 1 21 
2.86102e-06 1 189 
9.53674e-07 1 21 
2.14577e-06 1 168 
2.86102e-06 1 294 
1.90735e-06 1 168 
2.14577e-06 1 294 
1.19209e-06 1 168 
1.90735e-06 1 294 
2.14577e-06 1 168 
1.90735e-06 1 294 
3.09944e-06 1 294 
1.90735e-06 1 49 
2.14577e-06 1 49 
2.86102e-06 1 294 
1.90735e-06 1 588 
4.05312e-06 1 1029 
1.90735e-06 1 588 
4.05312e-06 1 1029 
2.14577e-06 1 588 
4.05312e-06 1 1029 
1.90735e-06 1 588 
3.8147e-06 1 1029 
5.00679e-06 1 1029 
1.90735e-06 1 21 
3.8147e-06 1 1029 
1.90735e-06 1 21 
4.05312e-06 1 588 
2.14577e-06 1 588 
2.86102e-06 1 588 
4.05312e-06 1 1029 
1.90735e-06 1 588 
4.05312e-06 1 1029 
2.14577e-06 1 588 
4.05312e-06 1 1029 
1.90735e-06 1 588 
3.8147e-06 1 1029 
4.05312e-06 1 1029 
1.90735e-06 1 21 
4.05312e-06 1 1029 
2.14577e-06 1 21 
2.14577e-06 1 168 
2.86102e-06 1 294 
1.90735e-06 1 168 
2.14577e-06 1 294 
1.90735e-06 1 168 
2.14577e-06 1 294 
1.90735e-06 1 168 
2.14577e-06 1 294 
1.90735e-06 1 168 
3.09944e-06 1 252 
2.14577e-06 1 168 
2.14577e-06 1 252 
1.90735e-06 1 168 
3.09944e-06 1 252 
1.90735e-06 1 168 
1.90735e-06 1 252 
2.86102e-06 1 441 
3.09944e-06 1 441 
4.05312e-06 1 441 
3.09944e-06 1 441 
1.90735e-06 1 441 
2.86102e-06 1 441 
2.86102e-06 1 441 
4.05312e-06 1 441 
4.05312e-06 1 441 
2.14577e-06 1 21 
2.86102e-06 1 441 
1.90735e-06 1 21 
3.09944e-06 1 168 
2.86102e-06 1 252 
1.90735e-06 1 168 
1.5974e-05 1 252 
1.90735e-06 1 168 
1.5974e-05 1 252 
9.53674e-07 1 168 
3.09944e-06 1 252 
3.09944e-06 1 441 
9.53674e-07 1 21 
2.86102e-06 1 441 
9.53674e-07 1 21 
3.09944e-06 1 294 
2.14577e-06 1 21 
1.90735e-06 1 21 
1.90735e-06 1 294 
2.14577e-06 1 168 
2.86102e-06 1 252 
1.90735e-06 1 168 
2.86102e-06 1 252 
2.14577e-06 1 168 
2.86102e-06 1 252 
9.53674e-07 1 168 
3.09944e-06 1 252 
1.90735e-06 1 252 
1.90735e-06 1 252 
2.86102e-06 1 126 
1.90735e-06 1 126 
1.90735e-06 1 168 
3.09944e-06 1 252 
2.14577e-06 1 168 
1.90735e-06 1 252 
2.14577e-06 1 168 
1.90735e-06 1 252 
1.90735e-06 1 168 
3.09944e-06 1 252 
4.05312e-06 1 441 
3.8147e-06 1 441 
3.09944e-06 1 441 
3.09944e-06 1 441 
3.09944e-06 1 441 
3.09944e-06 1 441 
2.14577e-06 1 252 
1.90735e-06 1 168 
1.90735e-06 1 252 
1.90735e-06 1 168 
1.90735e-06 1 252 
1.19209e-06 1 168 
1.90735e-06 1 252 
9.53674e-07 1 168 
3.8147e-06 1 588 
1.90735e-06 1 252 
3.09944e-06 1 252 
3.8147e-06 1 588 
1.90735e-06 1 252 
2.14577e-06 1 168 
3.09944e-06 1 252 
2.14577e-06 1 168 
2.14577e-06 1 252 
1.90735e-06 1 168 
1.90735e-06 1 252 
1.19209e-06 1 168 
3.09944e-06 1 168 
3.09944e-06 1 252 
1.90735e-06 1 168 
2.86102e-06 1 252 
9.53674e-07 1 168 
1.90735e-06 1 252 
1.90735e-06 1 168 
2.14577e-06 1 252 
3.09944e-06 1 252 
9.53674e-07 1 168 
1.90735e-06 1 252 
1.90735e-06 1 168 
1.90735e-06 1 252 
1.90735e-06 1 168 
1.90735e-06 1 252 
1.90735e-06 1 168 
3.09944e-06 1 294 
1.90735e-06 1 294 
2.14577e-06 1 294 
2.14577e-06 1 294 
1.90735e-06 1 21 
1.90735e-06 1 21 
1.90735e-06 1 168 
1.90735e-06 1 252 
1.90735e-06 1 168 
3.09944e-06 1 252 
9.53674e-07 1 168 
2.14577e-06 1 252 
9.53674e-07 1 168 
1.90735e-06 1 252 
1.90735e-06 1 168 
2.14577e-06 1 252 
2.14577e-06 1 168 
3.09944e-06 1 252 
9.53674e-07 1 168 
1.90735e-06 1 252 
2.14577e-06 1 168 
1.90735e-06 1 252 
3.09944e-06 1 252 
1.90735e-06 1 168 
1.90735e-06 1 252 
2.14577e-06 1 168 
1.90735e-06 1 252 
9.53674e-07 1 168 
1.90735e-06 1 252 
1.90735e-06 1 168 
1.00136e-05 1 5329 
3.8147e-06 1 2190 
2.86102e-06 1 2190 
5.00679e-06 1 5329 
1.00136e-05 1 5329 
4.05312e-06 1 2190 
3.09944e-06 1 2190 
5.96046e-06 1 5329 
9.05991e-06 1 5329 
3.09944e-06 1 2190 
2.86102e-06 1 2190 
5.00679e-06 1 5329 
8.82149e-06 1 5329 
4.05312e-06 1 2190 
3.09944e-06 1 2190 
5.00679e-06 1 5329 
8.82149e-06 1 5329 
4.05312e-06 1 2190 
3.09944e-06 1 2190 
5.00679e-06 1 5329 
4.05312e-06 1 324 
2.86102e-06 1 324 
2.14577e-06 1 189 
1.90735e-06 1 126 
1.90735e-06 1 189 
9.53674e-07 1 126 
1.90735e-06 1 189 
2.14577e-06 1 126 
1.90735e-06 1 189 
9.53674e-07 1 126 
9.53674e-07 1 126 
2.14577e-06 1 216 
1.90735e-06 1 126 
1.90735e-06 1 216 
1.90735e-06 1 126 
2.14577e-06 1 216 
1.19209e-06 1 126 
1.90735e-06 1 216 
2.14577e-06 1 324 
1.90735e-06 1 18 
3.09944e-06 1 324 
9.53674e-07 1 18 
1.90735e-06 1 126 
3.09944e-06 1 189 
2.14577e-06 1 126 
2.14577e-06 1 189 
2.14577e-06 1 126 
1.90735e-06 1 189 
9.53674e-07 1 126 
2.14577e-06 1 189 
1.90735e-06 1 189 
1.90735e-06 1 189 
1.90735e-06 1 189 
2.14577e-06 1 189 
4.05312e-06 1 162 
2.14577e-06 1 18 
3.09944e-06 1 162 
1.90735e-06 1 18 
1.90735e-06 1 126 
2.14577e-06 1 216 
9.53674e-07 1 126 
1.90735e-06 1 216 
9.53674e-07 1 126 
1.90735e-06 1 216 
9.53674e-07 1 126 
1.90735e-06 1 216 
3.09944e-06 1 216 
1.90735e-06 1 36 
2.14577e-06 1 36 
1.90735e-06 1 216 
1.90735e-06 1 378 
3.09944e-06 1 648 
1.90735e-06 1 378 
3.09944e-06 1 648 
3.09944e-06 1 378 
2.86102e-06 1 648 
1.90735e-06 1 378 
3.09944e-06 1 648 
3.09944e-06 1 648 
2.14577e-06 1 18 
4.05312e-06 1 648 
9.53674e-07 1 18 
3.09944e-06 1 378 
1.90735e-06 1 378 
2.14577e-06 1 378 
2.86102e-06 1 648 
1.90735e-06 1 378 
2.86102e-06 1 648 
9.53674e-07 1 378 
2.86102e-06 1 648 
1.90735e-06 1 378 
2.86102e-06 1 648 
3.09944e-06 1 648 
1.90735e-06 1 18 
3.09944e-06 1 648 
1.90735e-06 1 18 
1.90735e-06 1 126 
2.14577e-06 1 216 
1.90735e-06 1 126 
2.14577e-06 1 216 
9.53674e-07 1 126 
2.14577e-06 1 216 
2.14577e-06 1 126 
1.90735e-06 1 216 
1.90735e-06 1 126 
1.90735e-06 1 189 
1.90735e-06 1 126 
2.86102e-06 1 189 
2.14577e-06 1 126 
1.90735e-06 1 189 
2.14577e-06 1 126 
2.14577e-06 1 189 
3.09944e-06 1 324 
1.90735e-06 1 324 
2.86102e-06 1 324 
3.09944e-06 1 324 
1.90735e-06 1 324 
2.86102e-06 1 324 
4.05312e-06 1 324 
3.09944e-06 1 324 
4.05312e-06 1 324 
9.53674e-07 1 18 
2.86102e-06 1 324 
2.14577e-06 1 18 
1.90735e-06 1 126 
2.14577e-06 1 189 
2.14577e-06 1 126 
1.90735e-06 1 189 
1.19209e-06 1 126 
1.90735e-06 1 189 
9.53674e-07 1 126 
1.90735e-06 1 189 
3.09944e-06 1 324 
1.90735e-06 1 18 
2.86102e-06 1 324 
9.53674e-07 1 18 
3.09944e-06 1 216 
9.53674e-07 1 18 
2.14577e-06 1 18 
1.90735e-06 1 216 
1.90735e-06 1 126 
2.14577e-06 1 189 
9.53674e-07 1 126 
2.14577e-06 1 189 
9.53674e-07 1 126 
2.14577e-06 1 189 
2.14577e-06 1 126 
1.90735e-06 1 189 
1.90735e-06 1 189 
1.50204e-05 1 189 
1.90735e-06 1 108 
1.90735e-06 1 108 
2.14577e-06 1 126 
1.90735e-06 1 189 
9.53674e-07 1 126 
3.09944e-06 1 189 
1.90735e-06 1 126 
2.14577e-06 1 189 
9.53674e-07 1 126 
1.90735e-06 1 189 
4.05312e-06 1 324 
3.09944e-06 1 324 
2.86102e-06 1 324 
3.09944e-06 1 324 
3.09944e-06 1 324 
1.90735e-06 1 324 
1.90735e-06 1 189 
2.14577e-06 1 126 
2.14577e-06 1 189 
2.14577e-06 1 126 
1.90735e-06 1 189 
1.90735e-06 1 126 
1.90735e-06 1 189 
9.53674e-07 1 126 
3.09944e-06 1 378 
1.90735e-06 1 189 
1.90735e-06 1 189 
3.09944e-06 1 378 
1.90735e-06 1 189 
2.14577e-06 1 126 
2.14577e-06 1 189 
2.14577e-06 1 126 
1.90735e-06 1 189 
1.90735e-06 1 126 
1.90735e-06 1 189 
9.53674e-07 1 126 
2.14577e-06 1 126 
2.86102e-06 1 189 
9.53674e-07 1 126 
1.90735e-06 1 189 
1.90735e-06 1 126 
2.14577e-06 1 189 
1.19209e-06 1 126 
1.90735e-06 1 189 
2.86102e-06 1 189 
2.14577e-06 1 126 
2.86102e-06 1 189 
1.90735e-06 1 126 
1.90735e-06 1 189 
2.14577e-06 1 126 
2.14577e-06 1 189 
1.90735e-06 1 126 
3.09944e-06 1 216 
1.90735e-06 1 216 
2.14577e-06 1 216 
9.53674e-07 1 216 
2.14577e-06 1 18 
1.19209e-06 1 18 
1.90735e-06 1 126 
2.14577e-06 1 189 
1.90735e-06 1 126 
2.14577e-06 1 189 
1.90735e-06 1 126 
2.14577e-06 1 189 
1.90735e-06 1 126 
2.86102e-06 1 189 
1.90735e-06 1 126 
2.14577e-06 1 189 
1.90735e-06 1 126 
1.90735e-06 1 189 
9.53674e-07 1 126 
2.14577e-06 1 189 
1.90735e-06 1 126 
9.53674e-07 1 189 
2.14577e-06 1 189 
1.90735e-06 1 126 
1.90735e-06 1 189 
2.14577e-06 1 126 
2.86102e-06 1 189 
2.14577e-06 1 126 
1.90735e-06 1 189 
9.53674e-07 1 126 
1.09673e-05 1 7569 
3.8147e-06 1 2784 
2.86102e-06 1 2784 
6.91414e-06 1 7569 
1.00136e-05 1 7569 
5.00679e-06 1 2784 
2.86102e-06 1 2784 
7.15256e-06 1 7569 
1.09673e-05 1 7569 
3.8147e-06 1 2784 
4.05312e-06 1 2784 
2.28882e-05 1 7569 
1.00136e-05 1 7569 
5.00679e-06 1 2784 
4.05312e-06 1 2784 
6.91414e-06 1 7569 
9.05991e-06 1 7569 
4.05312e-06 1 2784 
4.05312e-06 1 2784 
6.91414e-06 1 7569 
4.05312e-06 1 324 
2.86102e-06 1 324 
2.14577e-06 1 189 
1.90735e-06 1 126 
2.86102e-06 1 189 
9.53674e-07 1 126 
1.90735e-06 1 189 
2.14577e-06 1 126 
2.14577e-06 1 189 
9.53674e-07 1 126 
2.14577e-06 1 126 
1.90735e-06 1 216 
1.90735e-06 1 126 
2.14577e-06 1 216 
9.53674e-07 1 126 
1.90735e-06 1 216 
1.90735e-06 1 126 
1.90735e-06 1 216 
3.09944e-06 1 324 
1.90735e-06 1 18 
1.90735e-06 1 324 
1.90735e-06 1 18 
1.90735e-06 1 126 
3.09944e-06 1 189 
2.14577e-06 1 126 
1.90735e-06 1 189 
2.14577e-06 1 126 
1.90735e-06 1 189 
1.90735e-06 1 126 
2.14577e-06 1 189 
1.90735e-06 1 189 
1.90735e-06 1 189 
1.19209e-06 1 189 
1.90735e-06 1 189 
1.90735e-06 1 162 
2.14577e-06 1 18 
1.90735e-06 1 162 
1.90735e-06 1 18 
1.90735e-06 1 126 
1.90735e-06 1 216 
1.90735e-06 1 126 
1.90735e-06 1 216 
1.90735e-06 1 126 
2.14577e-06 1 216 
1.90735e-06 1 126 
2.14577e-06 1 216 
3.09944e-06 1 216 
9.53674e-07 1 36 
2.14577e-06 1 36 
1.90735e-06 1 216 
2.86102e-06 1 378 
4.05312e-06 1 648 
1.90735e-06 1 378 
3.09944e-06 1 648 
1.90735e-06 1 378 
3.09944e-06 1 648 
1.90735e-06 1 378 
3.09944e-06 1 648 
2.86102e-06 1 648 
1.19209e-06 1 18 
3.09944e-06 1 648 
9.53674e-07 1 18 
3.09944e-06 1 378 
1.90735e-06 1 378 
3.09944e-06 1 378 
4.05312e-06 1 648 
1.90735e-06 1 378 
3.8147e-06 1 648 
2.14577e-06 1 378 
2.86102e-06 1 648 
1.90735e-06 1 378 
2.86102e-06 1 648 
2.86102e-06 1 648 
1.90735e-06 1 18 
3.09944e-06 1 648 
1.19209e-06 1 18 
1.90735e-06 1 126 
1.90735e-06 1 216 
2.14577e-06 1 126 
2.14577e-06 1 216 
9.53674e-07 1 126 
1.90735e-06 1 216 
1.19209e-06 1 126 
1.90735e-06 1 216 
2.14577e-06 1 126 
2.86102e-06 1 189 
1.90735e-06 1 126 
2.14577e-06 1 189 
9.53674e-07 1 126 
1.90735e-06 1 189 
2.14577e-06 1 126 
1.90735e-06 1 189 
3.09944e-06 1 324 
3.09944e-06 1 324 
2.86102e-06 1 324 
4.05312e-06 1 324 
1.90735e-06 1 324 
2.86102e-06 1 324 
2.86102e-06 1 324 
4.05312e-06 1 324 
3.8147e-06 1 324 
9.53674e-07 1 18 
3.09944e-06 1 324 
2.14577e-06 1 18 
2.14577e-06 1 126 
2.86102e-06 1 189 
1.90735e-06 1 126 
1.90735e-06 1 189 
2.14577e-06 1 126 
1.90735e-06 1 189 
2.14577e-06 1 126 
2.14577e-06 1 189 
4.05312e-06 1 324 
1.90735e-06 1 18 
2.86102e-06 1 324 
9.53674e-07 1 18 
3.09944e-06 1 216 
1.90735e-06 1 18 
1.19209e-06 1 18 
1.90735e-06 1 216 
1.90735e-06 1 126 
1.90735e-06 1 189 
1.90735e-06 1 126 
2.14577e-06 1 189 
9.53674e-07 1 126 
1.90735e-06 1 189 
9.53674e-07 1 126 
2.14577e-06 1 189 
2.86102e-06 1 189 
2.14577e-06 1 189 
1.90735e-06 1 108 
1.90735e-06 1 108 
2.14577e-06 1 126 
1.90735e-06 1 189 
1.90735e-06 1 126 
1.90735e-06 1 189 
1.90735e-06 1 126 
1.90735e-06 1 189 
1.90735e-06 1 126 
2.14577e-06 1 189 
3.8147e-06 1 324 
2.86102e-06 1 324 
3.09944e-06 1 324 
4.05312e-06 1 324 
3.09944e-06 1 324 
3.09944e-06 1 324 
2.14577e-06 1 189 
1.90735e-06 1 126 
3.09944e-06 1 189 
9.53674e-07 1 126 
2.14577e-06 1 189 
1.90735e-06 1 126 
2.14577e-06 1 189 
9.53674e-07 1 126 
4.05312e-06 1 378 
2.14577e-06 1 189 
2.14577e-06 1 189 
2.86102e-06 1 378 
2.14577e-06 1 189 
1.90735e-06 1 126 
1.90735e-06 1 189 
1.90735e-06 1 126 
2.14577e-06 1 189 
9.53674e-07 1 126 
2.14577e-06 1 189 
2.14577e-06 1 126 
2.14577e-06 1 126 
2.86102e-06 1 189 
9.53674e-07 1 126 
2.86102e-06 1 189 
2.14577e-06 1 126 
2.86102e-06 1 189 
9.53674e-07 1 126 
2.14577e-06 1 189 
4.05312e-06 1 189 
2.14577e-06 1 126 
1.90735e-06 1 189 
2.14577e-06 1 126 
1.90735e-06 1 189 
9.53674e-07 1 126 
1.90735e-06 1 189 
1.90735e-06 1 126 
3.09944e-06 1 216 
1.90735e-06 1 216 
3.09944e-06 1 216 
2.14577e-06 1 216 
1.19209e-06 1 18 
2.14577e-06 1 18 
2.14577e-06 1 126 
1.90735e-06 1 189 
1.90735e-06 1 126 
1.90735e-06 1 189 
2.14577e-06 1 126 
1.90735e-06 1 189 
2.14577e-06 1 126 
2.14577e-06 1 189 
1.90735e-06 1 126 
3.09944e-06 1 189 
2.14577e-06 1 126 
1.90735e-06 1 189 
1.90735e-06 1 126 
2.14577e-06 1 189 
9.53674e-07 1 126 
1.90735e-06 1 189 
3.09944e-06 1 189 
1.90735e-06 1 126 
1.90735e-06 1 189 
1.90735e-06 1 126 
1.90735e-06 1 189 
1.90735e-06 1 126 
1.90735e-06 1 189 
1.19209e-06 1 126 
9.05991e-06 1 5329 
2.86102e-06 1 1460 
2.14577e-06 1 1460 
5.00679e-06 1 5329 
8.10623e-06 1 5329 
3.09944e-06 1 1460 
2.14577e-06 1 1460 
5.00679e-06 1 5329 
8.10623e-06 1 5329 
1.90735e-06 1 1460 
1.90735e-06 1 1460 
5.00679e-06 1 5329 
9.05991e-06 1 5329 
2.86102e-06 1 1460 
2.14577e-06 1 1460 
5.00679e-06 1 5329 
8.82149e-06 1 5329 
3.09944e-06 1 1460 
3.09944e-06 1 1460 
5.00679e-06 1 5329 
3.09944e-06 1 324 
3.09944e-06 1 324 
2.86102e-06 1 189 
2.14577e-06 1 126 
1.90735e-06 1 189 
1.90735e-06 1 126 
1.90735e-06 1 189 
2.14577e-06 1 126 
1.90735e-06 1 189 
1.90735e-06 1 126 
2.14577e-06 1 126 
1.90735e-06 1 216 
9.53674e-07 1 126 
1.90735e-06 1 216 
1.90735e-06 1 126 
2.14577e-06 1 216 
1.19209e-06 1 126 
1.90735e-06 1 216 
3.09944e-06 1 324 
9.53674e-07 1 18 
1.90735e-06 1 324 
1.90735e-06 1 18 
2.14577e-06 1 126 
1.90735e-06 1 189 
1.90735e-06 1 126 
2.14577e-06 1 189 
9.53674e-07 1 126 
1.90735e-06 1 189 
9.53674e-07 1 126 
2.14577e-06 1 189 
2.14577e-06 1 189 
1.90735e-06 1 189 
9.53674e-07 1 189 
1.90735e-06 1 189 
3.09944e-06 1 162 
1.90735e-06 1 18 
1.50204e-05 1 162 
1.90735e-06 1 18 
1.90735e-06 1 126 
2.14577e-06 1 216 
9.53674e-07 1 126 
2.14577e-06 1 216 
2.14577e-06 1 126 
1.90735e-06 1 216 
9.53674e-07 1 126 
2.14577e-06 1 216 
1.90735e-06 1 216 
1.19209e-06 1 36 
9.53674e-07 1 36 
1.90735e-06 1 216 
1.90735e-06 1 378 
3.09944e-06 1 648 
1.90735e-06 1 378 
2.86102e-06 1 648 
1.19209e-06 1 378 
2.86102e-06 1 648 
2.14577e-06 1 378 
3.09944e-06 1 648 
2.86102e-06 1 648 
9.53674e-07 1 18 
3.09944e-06 1 648 
2.14577e-06 1 18 
2.86102e-06 1 378 
3.09944e-06 1 378 
1.90735e-06 1 378 
3.09944e-06 1 648 
2.14577e-06 1 378 
4.05312e-06 1 648 
1.90735e-06 1 378 
3.09944e-06 1 648 
9.53674e-07 1 378 
3.09944e-06 1 648 
4.05312e-06 1 648 
9.53674e-07 1 18 
2.86102e-06 1 648 
1.90735e-06 1 18 
9.53674e-07 1 126 
2.14577e-06 1 216 
9.53674e-07 1 126 
1.90735e-06 1 216 
9.53674e-07 1 126 
2.14577e-06 1 216 
1.90735e-06 1 126 
1.19209e-06 1 216 
2.86102e-06 1 126 
3.09944e-06 1 189 
1.90735e-06 1 126 
1.90735e-06 1 189 
2.14577e-06 1 126 
1.90735e-06 1 189 
2.14577e-06 1 126 
2.14577e-06 1 189 
3.09944e-06 1 324 
2.86102e-06 1 324 
3.09944e-06 1 324 
2.86102e-06 1 324 
2.86102e-06 1 324 
1.90735e-06 1 324 
3.09944e-06 1 324 
3.09944e-06 1 324 
5.00679e-06 1 324 
1.90735e-06 1 18 
3.09944e-06 1 324 
2.14577e-06 1 18 
1.90735e-06 1 126 
3.09944e-06 1 189 
1.90735e-06 1 126 
2.14577e-06 1 189 
1.90735e-06 1 126 
3.09944e-06 1 189 
9.53674e-07 1 126 
1.90735e-06 1 189 
3.09944e-06 1 324 
9.53674e-07 1 18 
3.09944e-06 1 324 
9.53674e-07 1 18 
2.14577e-06 1 216 
1.90735e-06 1 18 
2.14577e-06 1 18 
1.90735e-06 1 216 
2.14577e-06 1 126 
1.90735e-06 1 189 
1.90735e-06 1 126 
1.90735e-06 1 189 
2.14577e-06 1 126 
2.86102e-06 1 189 
1.19209e-06 1 126 
1.90735e-06 1 189 
3.09944e-06 1 189 
1.90735e-06 1 189 
1.90735e-06 1 108 
1.90735e-06 1 108 
1.90735e-06 1 126 
3.09944e-06 1 189 
1.19209e-06 1 126 
3.09944e-06 1 189 
2.14577e-06 1 126 
1.90735e-06 1 189 
2.14577e-06 1 126 
1.90735e-06 1 189 
3.8147e-06 1 324 
3.09944e-06 1 324 
2.86102e-06 1 324 
2.86102e-06 1 324 
2.86102e-06 1 324 
1.90735e-06 1 324 
1.90735e-06 1 189 
2.14577e-06 1 126 
2.14577e-06 1 189 
9.53674e-07 1 126 
1.90735e-06 1 189 
2.14577e-06 1 126 
1.90735e-06 1 189 
9.53674e-07 1 126 
2.86102e-06 1 378 
2.14577e-06 1 189 
1.90735e-06 1 189 
4.05312e-06 1 378 
1.90735e-06 1 189 
1.19209e-06 1 126 
1.90735e-06 1 189 
2.14577e-06 1 126 
2.86102e-06 1 189 
2.14577e-06 1 126 
1.90735e-06 1 189 
1.90735e-06 1 126 
1.90735e-06 1 126 
2.14577e-06 1 189 
1.90735e-06 1 126 
3.09944e-06 1 189 
9.53674e-07 1 126 
2.14577e-06 1 189 
9.53674e-07 1 126 
2.14577e-06 1 189 
3.09944e-06 1 189 
9.53674e-07 1 126 
1.90735e-06 1 189 
1.90735e-06 1 126 
2.14577e-06 1 189 
1.90735e-06 1 126 
2.14577e-06 1 189 
9.53674e-07 1 126 
2.14577e-06 1 216 
9.53674e-07 1 216 
1.90735e-06 1 216 
1.90735e-06 1 216 
2.14577e-06 1 18 
2.14577e-06 1 18 
1.90735e-06 1 126 
2.14577e-06 1 189 
2.14577e-06 1 126 
2.14577e-06 1 189 
9.53674e-07 1 126 
1.90735e-06 1 189 
9.53674e-07 1 126 
2.14577e-06 1 189 
2.14577e-06 1 126 
1.90735e-06 1 189 
1.90735e-06 1 126 
1.90735e-06 1 189 
9.53674e-07 1 126 
2.14577e-06 1 189 
1.90735e-06 1 126 
1.90735e-06 1 189 
2.14577e-06 1 189 
1.90735e-06 1 126 
1.90735e-06 1 189 
1.19209e-06 1 126 
2.14577e-06 1 189 
9.53674e-07 1 126 
2.14577e-06 1 189 
9.53674e-07 1 126 
1.00136e-05 1 6400 
2.86102e-06 1 1760 
3.09944e-06 1 1760 
6.91414e-06 1 6400 
7.86781e-06 1 6400 
4.05312e-06 1 1760 
3.09944e-06 1 1760 
6.91414e-06 1 6400 
7.86781e-06 1 6400 
3.8147e-06 1 1760 
2.14577e-06 1 1760 
5.96046e-06 1 6400 
7.86781e-06 1 6400 
2.86102e-06 1 1760 
3.09944e-06 1 1760 
6.91414e-06 1 6400 
9.05991e-06 1 6400 
3.09944e-06 1 1760 
2.86102e-06 1 1760 
6.19888e-06 1 6400 
3.8147e-06 1 324 
2.86102e-06 1 324 
2.14577e-06 1 189 
1.90735e-06 1 126 
3.09944e-06 1 189 
9.53674e-07 1 126 
2.14577e-06 1 189 
1.90735e-06 1 126 
2.14577e-06 1 189 
9.53674e-07 1 126 
1.19209e-06 1 126 
1.90735e-06 1 216 
2.14577e-06 1 126 
1.90735e-06 1 216 
2.14577e-06 1 126 
1.90735e-06 1 216 
1.90735e-06 1 126 
1.90735e-06 1 216 
4.05312e-06 1 324 
1.90735e-06 1 18 
1.90735e-06 1 324 
1.19209e-06 1 18 
2.14577e-06 1 126 
2.86102e-06 1 189 
1.90735e-06 1 126 
1.90735e-06 1 189 
2.14577e-06 1 126 
2.86102e-06 1 189 
2.14577e-06 1 126 
1.90735e-06 1 189 
2.14577e-06 1 189 
1.90735e-06 1 189 
9.53674e-07 1 189 
2.86102e-06 1 189 
1.90735e-06 1 162 
1.90735e-06 1 18 
2.14577e-06 1 162 
2.14577e-06 1 18 
2.14577e-06 1 126 
1.90735e-06 1 216 
1.90735e-06 1 126 
2.14577e-06 1 216 
1.90735e-06 1 126 
1.90735e-06 1 216 
1.19209e-06 1 126 
1.90735e-06 1 216 
3.09944e-06 1 216 
1.90735e-06 1 36 
9.53674e-07 1 36 
1.90735e-06 1 216 
2.86102e-06 1 378 
3.09944e-06 1 648 
2.14577e-06 1 378 
4.05312e-06 1 648 
1.90735e-06 1 378 
3.09944e-06 1 648 
1.90735e-06 1 378 
2.86102e-06 1 648 
3.09944e-06 1 648 
9.53674e-07 1 18 
3.8147e-06 1 648 
1.90735e-06 1 18 
2.14577e-06 1 378 
1.90735e-06 1 378 
1.90735e-06 1 378 
2.86102e-06 1 648 
2.14577e-06 1 378 
3.09944e-06 1 648 
2.14577e-06 1 378 
1.90735e-06 1 648 
9.53674e-07 1 378 
2.86102e-06 1 648 
2.86102e-06 1 648 
1.90735e-06 1 18 
3.09944e-06 1 648 
1.90735e-06 1 18 
1.90735e-06 1 126 
2.86102e-06 1 216 
2.14577e-06 1 126 
2.14577e-06 1 216 
9.53674e-07 1 126 
1.90735e-06 1 216 
2.14577e-06 1 126 
1.90735e-06 1 216 
2.14577e-06 1 126 
1.90735e-06 1 189 
9.53674e-07 1 126 
2.86102e-06 1 189 
1.90735e-06 1 126 
3.09944e-06 1 189 
1.19209e-06 1 126 
1.90735e-06 1 189 
3.09944e-06 1 324 
2.86102e-06 1 324 
3.09944e-06 1 324 
3.09944e-06 1 324 
1.90735e-06 1 324 
3.09944e-06 1 324 
3.8147e-06 1 324 
2.86102e-06 1 324 
5.00679e-06 1 324 
9.53674e-07 1 18 
3.09944e-06 1 324 
2.14577e-06 1 18 
1.90735e-06 1 126 
3.09944e-06 1 189 
1.90735e-06 1 126 
1.90735e-06 1 189 
9.53674e-07 1 126 
1.90735e-06 1 189 
2.14577e-06 1 126 
2.14577e-06 1 189 
3.8147e-06 1 324 
9.53674e-07 1 18 
3.09944e-06 1 324 
1.19209e-06 1 18 
3.09944e-06 1 216 
1.90735e-06 1 18 
1.19209e-06 1 18 
1.90735e-06 1 216 
1.90735e-06 1 126 
1.90735e-06 1 189 
1.90735e-06 1 126 
2.14577e-06 1 189 
1.90735e-06 1 126 
2.14577e-06 1 189 
1.90735e-06 1 126 
1.90735e-06 1 189 
1.90735e-06 1 189 
3.09944e-06 1 189 
3.09944e-06 1 108 
2.14577e-06 1 108 
2.14577e-06 1 126 
1.90735e-06 1 189 
9.53674e-07 1 126 
1.90735e-06 1 189 
1.90735e-06 1 126 
2.14577e-06 1 189 
9.53674e-07 1 126 
1.90735e-06 1 189 
2.86102e-06 1 324 
2.86102e-06 1 324 
3.09944e-06 1 324 
1.90735e-06 1 324 
2.14577e-06 1 324 
3.09944e-06 1 324 
2.14577e-06 1 189 
1.90735e-06 1 126 
2.86102e-06 1 189 
2.14577e-06 1 126 
2.86102e-06 1 189 
2.14577e-06 1 126 
1.90735e-06 1 189 
1.19209e-06 1 126 
2.86102e-06 1 378 
2.14577e-06 1 189 
2.86102e-06 1 189 
3.09944e-06 1 378 
2.14577e-06 1 189 
9.53674e-07 1 126 
1.90735e-06 1 189 
2.14577e-06 1 126 
1.90735e-06 1 189 
9.53674e-07 1 126 
1.90735e-06 1 189 
1.19209e-06 1 126 
1.90735e-06 1 126 
1.90735e-06 1 189 
9.53674e-07 1 126 
2.14577e-06 1 189 
9.53674e-07 1 126 
1.90735e-06 1 189 
1.90735e-06 1 126 
2.14577e-06 1 189 
2.86102e-06 1 189 
2.14577e-06 1 126 
3.09944e-06 1 189 
1.19209e-06 1 126 
1.90735e-06 1 189 
9.53674e-07 1 126 
1.90735e-06 1 189 
1.90735e-06 1 126 
2.86102e-06 1 216 
2.14577e-06 1 216 
2.14577e-06 1 216 
1.90735e-06 1 216 
9.53674e-07 1 18 
1.90735e-06 1 18 
2.14577e-06 1 126 
1.90735e-06 1 189 
1.90735e-06 1 126 
1.90735e-06 1 189 
2.14577e-06 1 126 
1.90735e-06 1 189 
1.19209e-06 1 126 
1.90735e-06 1 189 
1.90735e-06 1 126 
1.90735e-06 1 189 
1.19209e-06 1 126 
1.90735e-06 1 189 
2.14577e-06 1 126 
1.90735e-06 1 189 
2.14577e-06 1 126 
1.90735e-06 1 189 
3.09944e-06 1 189 
1.90735e-06 1 126 
2.86102e-06 1 189 
1.90735e-06 1 126 
1.90735e-06 1 189 
2.14577e-06 1 126 
1.90735e-06 1 189 
9.53674e-07 1 126 
1.09673e-05 1 7569 
3.8147e-06 1 2088 
3.09944e-06 1 2088 
7.15256e-06 1 7569 
8.82149e-06 1 7569 
2.86102e-06 1 2088 
3.09944e-06 1 2088 
6.91414e-06 1 7569 
9.05991e-06 1 7569 
2.86102e-06 1 2088 
2.14577e-06 1 2088 
5.96046e-06 1 7569 
1.00136e-05 1 7569 
2.86102e-06 1 2088 
3.09944e-06 1 2088 
7.15256e-06 1 7569 
1.00136e-05 1 7569 
2.86102e-06 1 2088 
2.86102e-06 1 2088 
7.15256e-06 1 7569 
4.05312e-06 1 324 
3.09944e-06 1 324 
1.90735e-06 1 189 
2.14577e-06 1 126 
2.14577e-06 1 189 
1.19209e-06 1 126 
1.90735e-06 1 189 
9.53674e-07 1 126 
1.90735e-06 1 189 
1.90735e-06 1 126 
1.90735e-06 1 126 
2.14577e-06 1 216 
1.90735e-06 1 126 
1.90735e-06 1 216 
9.53674e-07 1 126 
2.14577e-06 1 216 
2.14577e-06 1 126 
1.90735e-06 1 216 
3.09944e-06 1 324 
9.53674e-07 1 18 
2.86102e-06 1 324 
2.14577e-06 1 18 
2.86102e-06 1 126 
3.09944e-06 1 189 
9.53674e-07 1 126 
3.09944e-06 1 189 
9.53674e-07 1 126 
2.14577e-06 1 189 
1.90735e-06 1 126 
2.86102e-06 1 189 
1.90735e-06 1 189 
2.14577e-06 1 189 
9.53674e-07 1 189 
3.09944e-06 1 189 
3.09944e-06 1 162 
1.90735e-06 1 18 
3.09944e-06 1 162 
9.53674e-07 1 18 
1.90735e-06 1 126 
3.09944e-06 1 216 
1.90735e-06 1 126 
1.90735e-06 1 216 
2.14577e-06 1 126 
1.90735e-06 1 216 
9.53674e-07 1 126 
2.14577e-06 1 216 
2.86102e-06 1 216 
1.19209e-06 1 36 
1.90735e-06 1 36 
2.14577e-06 1 216 
2.86102e-06 1 378 
3.09944e-06 1 648 
3.09944e-06 1 378 
3.09944e-06 1 648 
2.14577e-06 1 378 
2.86102e-06 1 648 
9.53674e-07 1 378 
4.05312e-06 1 648 
4.05312e-06 1 648 
2.14577e-06 1 18 
3.09944e-06 1 648 
2.14577e-06 1 18 
1.90735e-06 1 378 
1.90735e-06 1 378 
3.09944e-06 1 378 
3.8147e-06 1 648 
2.14577e-06 1 378 
3.09944e-06 1 648 
9.53674e-07 1 378 
2.86102e-06 1 648 
2.14577e-06 1 378 
3.09944e-06 1 648 
3.09944e-06 1 648 
9.53674e-07 1 18 
2.86102e-06 1 648 
9.53674e-07 1 18 
2.14577e-06 1 126 
2.86102e-06 1 216 
2.14577e-06 1 126 
1.90735e-06 1 216 
1.19209e-06 1 126 
1.90735e-06 1 216 
9.53674e-07 1 126 
2.14577e-06 1 216 
2.14577e-06 1 126 
1.90735e-06 1 189 
9.53674e-07 1 126 
2.14577e-06 1 189 
1.90735e-06 1 126 
1.90735e-06 1 189 
9.53674e-07 1 126 
2.14577e-06 1 189 
3.09944e-06 1 324 
3.09944e-06 1 324 
2.86102e-06 1 324 
3.09944e-06 1 324 
1.90735e-06 1 324 
2.86102e-06 1 324 
3.8147e-06 1 324 
3.09944e-06 1 324 
3.8147e-06 1 324 
9.53674e-07 1 18 
3.09944e-06 1 324 
2.14577e-06 1 18 
2.14577e-06 1 126 
1.90735e-06 1 189 
1.90735e-06 1 126 
1.90735e-06 1 189 
2.14577e-06 1 126 
1.90735e-06 1 189 
1.19209e-06 1 126 
1.90735e-06 1 189 
4.05312e-06 1 324 
9.53674e-07 1 18 
2.86102e-06 1 324 
1.90735e-06 1 18 
2.14577e-06 1 216 
9.53674e-07 1 18 
1.90735e-06 1 18 
2.14577e-06 1 216 
1.90735e-06 1 126 
3.09944e-06 1 189 
1.19209e-06 1 126 
1.90735e-06 1 189 
2.14577e-06 1 126 
1.90735e-06 1 189 
2.14577e-06 1 126 
1.90735e-06 1 189 
1.90735e-06 1 189 
1.90735e-06 1 189 
1.90735e-06 1 108 
9.53674e-07 1 108 
1.90735e-06 1 126 
3.09944e-06 1 189 
1.19209e-06 1 126 
3.09944e-06 1 189 
2.14577e-06 1 126 
1.90735e-06 1 189 
1.90735e-06 1 126 
2.14577e-06 1 189 
3.09944e-06 1 324 
2.86102e-06 1 324 
1.90735e-06 1 324 
2.86102e-06 1 324 
3.09944e-06 1 324 
3.09944e-06 1 324 
3.09944e-06 1 189 
1.90735e-06 1 126 
2.86102e-06 1 189 
1.90735e-06 1 126 
1.90735e-06 1 189 
9.53674e-07 1 126 
2.14577e-06 1 189 
1.90735e-06 1 126 
4.05312e-06 1 378 
1.90735e-06 1 189 
2.14577e-06 1 189 
2.86102e-06 1 378 
3.09944e-06 1 189 
1.90735e-06 1 126 
2.14577e-06 1 189 
9.53674e-07 1 126 
1.90735e-06 1 189 
1.90735e-06 1 126 
2.14577e-06 1 189 
1.90735e-06 1 126 
2.14577e-06 1 126 
2.86102e-06 1 189 
9.53674e-07 1 126 
2.86102e-06 1 189 
1.19209e-06 1 126 
1.90735e-06 1 189 
2.14577e-06 1 126 
1.90735e-06 1 189 
2.86102e-06 1 189 
9.53674e-07 1 126 
1.90735e-06 1 189 
1.90735e-06 1 126 
1.90735e-06 1 189 
2.14577e-06 1 126 
2.14577e-06 1 189 
9.53674e-07 1 126 
3.09944e-06 1 216 
1.90735e-06 1 216 
2.14577e-06 1 216 
1.90735e-06 1 216 
2.14577e-06 1 18 
1.90735e-06 1 18 
2.14577e-06 1 126 
2.86102e-06 1 189 
9.53674e-07 1 126 
2.86102e-06 1 189 
2.14577e-06 1 126 
1.90735e-06 1 189 
9.53674e-07 1 126 
2.14577e-06 1 189 
2.14577e-06 1 126 
2.86102e-06 1 189 
1.90735e-06 1 126 
2.14577e-06 1 189 
1.90735e-06 1 126 
1.90735e-06 1 189 
1.90735e-06 1 126 
2.14577e-06 1 189 
1.90735e-06 1 189 
2.14577e-06 1 126 
2.14577e-06 1 189 
1.90735e-06 1 126 
2.14577e-06 1 189 
1.90735e-06 1 126 
2.14577e-06 1 189 
2.14577e-06 1 126 
9.05991e-06 1 5329 
4.05312e-06 1 2044 
2.86102e-06 1 2044 
5.00679e-06 1 5329 
9.05991e-06 1 5329 
3.09944e-06 1 2044 
3.8147e-06 1 2044 
6.19888e-06 1 5329 
9.05991e-06 1 5329 
4.05312e-06 1 2044 
2.86102e-06 1 2044 
5.00679e-06 1 5329 
8.82149e-06 1 5329 
4.05312e-06 1 2044 
3.09944e-06 1 2044 
5.00679e-06 1 5329 
9.05991e-06 1 5329 
4.05312e-06 1 2044 
3.09944e-06 1 2044 
5.96046e-06 1 5329 
5.00679e-06 1 324 
4.05312e-06 1 324 
1.90735e-06 1 189 
1.90735e-06 1 126 
1.90735e-06 1 189 
2.14577e-06 1 126 
2.86102e-06 1 189 
2.14577e-06 1 126 
1.90735e-06 1 189 
1.90735e-06 1 126 
1.90735e-06 1 126 
1.90735e-06 1 216 
9.53674e-07 1 126 
2.14577e-06 1 216 
1.19209e-06 1 126 
1.90735e-06 1 216 
1.90735e-06 1 126 
2.14577e-06 1 216 
2.86102e-06 1 324 
2.14577e-06 1 18 
1.90735e-06 1 324 
2.14577e-06 1 18 
1.90735e-06 1 126 
1.90735e-06 1 189 
1.90735e-06 1 126 
1.90735e-06 1 189 
9.53674e-07 1 126 
2.14577e-06 1 189 
2.14577e-06 1 126 
1.90735e-06 1 189 
3.09944e-06 1 189 
1.90735e-06 1 189 
2.14577e-06 1 189 
2.14577e-06 1 189 
3.09944e-06 1 162 
9.53674e-07 1 18 
1.90735e-06 1 162 
1.90735e-06 1 18 
2.14577e-06 1 126 
2.86102e-06 1 216 
2.14577e-06 1 126 
2.14577e-06 1 216 
9.53674e-07 1 126 
1.90735e-06 1 216 
1.90735e-06 1 126 
1.19209e-06 1 216 
2.86102e-06 1 216 
1.19209e-06 1 36 
2.14577e-06 1 36 
1.90735e-06 1 216 
2.86102e-06 1 378 
2.86102e-06 1 648 
2.14577e-06 1 378 
3.09944e-06 1 648 
1.90735e-06 1 378 
2.14577e-06 1 648 
9.53674e-07 1 378 
3.09944e-06 1 648 
2.86102e-06 1 648 
9.53674e-07 1 18 
2.86102e-06 1 648 
9.53674e-07 1 18 
3.09944e-06 1 378 
2.14577e-06 1 378 
2.86102e-06 1 378 
4.05312e-06 1 648 
1.90735e-06 1 378 
4.05312e-06 1 648 
2.14577e-06 1 378 
2.86102e-06 1 648 
2.14577e-06 1 378 
3.09944e-06 1 648 
2.86102e-06 1 648 
9.53674e-07 1 18 
4.05312e-06 1 648 
9.53674e-07 1 18 
1.90735e-06 1 126 
2.14577e-06 1 216 
2.14577e-06 1 126 
2.14577e-06 1 216 
1.19209e-06 1 126 
1.90735e-06 1 216 
9.53674e-07 1 126 
2.00272e-05 1 216 
2.14577e-06 1 126 
2.86102e-06 1 189 
2.14577e-06 1 126 
1.90735e-06 1 189 
2.14577e-06 1 126 
1.90735e-06 1 189 
2.14577e-06 1 126 
3.09944e-06 1 189 
3.09944e-06 1 324 
3.09944e-06 1 324 
2.86102e-06 1 324 
3.09944e-06 1 324 
2.86102e-06 1 324 
1.90735e-06 1 324 
4.05312e-06 1 324 
2.86102e-06 1 324 
4.05312e-06 1 324 
2.14577e-06 1 18 
3.09944e-06 1 324 
2.14577e-06 1 18 
1.90735e-06 1 126 
2.14577e-06 1 189 
2.14577e-06 1 126 
2.14577e-06 1 189 
1.90735e-06 1 126 
1.90735e-06 1 189 
1.90735e-06 1 126 
1.90735e-06 1 189 
3.8147e-06 1 324 
2.14577e-06 1 18 
3.09944e-06 1 324 
9.53674e-07 1 18 
2.86102e-06 1 216 
1.19209e-06 1 18 
9.53674e-07 1 18 
1.90735e-06 1 216 
1.90735e-06 1 126 
3.09944e-06 1 189 
2.14577e-06 1 126 
3.09944e-06 1 189 
1.90735e-06 1 126 
1.90735e-06 1 189 
9.53674e-07 1 126 
1.90735e-06 1 189 
1.90735e-06 1 189 
2.14577e-06 1 189 
1.90735e-06 1 108 
1.90735e-06 1 108 
2.14577e-06 1 126 
1.90735e-06 1 189 
1.90735e-06 1 126 
1.90735e-06 1 189 
2.14577e-06 1 126 
1.90735e-06 1 189 
9.53674e-07 1 126 
2.14577e-06 1 189 
4.05312e-06 1 324 
2.86102e-06 1 324 
1.90735e-06 1 324 
2.86102e-06 1 324 
2.86102e-06 1 324 
2.86102e-06 1 324 
2.86102e-06 1 189 
9.53674e-07 1 126 
2.14577e-06 1 189 
1.90735e-06 1 126 
2.14577e-06 1 189 
1.90735e-06 1 126 
2.14577e-06 1 189 
9.53674e-07 1 126 
4.05312e-06 1 378 
1.90735e-06 1 189 
2.86102e-06 1 189 
3.09944e-06 1 378 
2.14577e-06 1 189 
1.90735e-06 1 126 
2.14577e-06 1 189 
1.90735e-06 1 126 
3.09944e-06 1 189 
1.90735e-06 1 126 
1.90735e-06 1 189 
1.90735e-06 1 126 
2.14577e-06 1 126 
2.86102e-06 1 189 
9.53674e-07 1 126 
3.09944e-06 1 189 
1.90735e-06 1 126 
2.14577e-06 1 189 
1.90735e-06 1 126 
2.14577e-06 1 189 
1.90735e-06 1 189 
1.90735e-06 1 126 
1.90735e-06 1 189 
1.90735e-06 1 126 
2.86102e-06 1 189 
2.14577e-06 1 126 
1.90735e-06 1 189 
1.90735e-06 1 126 
3.09944e-06 1 216 
1.90735e-06 1 216 
2.14577e-06 1 216 
2.14577e-06 1 216 
1.19209e-06 1 18 
2.14577e-06 1 18 
2.14577e-06 1 126 
1.90735e-06 1 189 
1.90735e-06 1 126 
1.90735e-06 1 189 
9.53674e-07 1 126 
1.90735e-06 1 189 
2.14577e-06 1 126 
1.90735e-06 1 189 
2.14577e-06 1 126 
2.86102e-06 1 189 
9.53674e-07 1 126 
2.14577e-06 1 189 
1.90735e-06 1 126 
3.09944e-06 1 189 
1.90735e-06 1 126 
1.90735e-06 1 189 
1.90735e-06 1 189 
2.14577e-06 1 126 
2.14577e-06 1 189 
2.14577e-06 1 126 
2.14577e-06 1 189 
1.90735e-06 1 126 
1.90735e-06 1 189 
1.19209e-06 1 126 
1.09673e-05 1 6400 
3.8147e-06 1 2400 
2.86102e-06 1 2400 
6.91414e-06 1 6400 
8.10623e-06 1 6400 
3.8147e-06 1 2400 
2.86102e-06 1 2400 
6.19888e-06 1 6400 
8.10623e-06 1 6400 
4.05312e-06 1 2400 
3.09944e-06 1 2400 
6.91414e-06 1 6400 
1.00136e-05 1 6400 
4.05312e-06 1 2400 
4.05312e-06 1 2400 
6.91414e-06 1 6400 
1.00136e-05 1 6400 
5.00679e-06 1 2400 
2.86102e-06 1 2400 
6.91414e-06 1 6400 
4.05312e-06 1 324 
3.09944e-06 1 324 
3.09944e-06 1 189 
1.90735e-06 1 126 
2.14577e-06 1 189 
2.14577e-06 1 126 
2.14577e-06 1 189 
1.90735e-06 1 126 
2.14577e-06 1 189 
1.90735e-06 1 126 
1.90735e-06 1 126 
3.09944e-06 1 216 
9.53674e-07 1 126 
1.90735e-06 1 216 
1.90735e-06 1 126 
2.14577e-06 1 216 
9.53674e-07 1 126 
2.14577e-06 1 216 
3.09944e-06 1 324 
9.53674e-07 1 18 
1.90735e-06 1 324 
2.14577e-06 1 18 
1.90735e-06 1 126 
2.14577e-06 1 189 
1.19209e-06 1 126 
1.90735e-06 1 189 
2.14577e-06 1 126 
1.90735e-06 1 189 
2.14577e-06 1 126 
1.90735e-06 1 189 
2.14577e-06 1 189 
1.90735e-06 1 189 
1.90735e-06 1 189 
2.14577e-06 1 189 
3.8147e-06 1 162 
2.14577e-06 1 18 
2.86102e-06 1 162 
9.53674e-07 1 18 
2.14577e-06 1 126 
1.90735e-06 1 216 
1.90735e-06 1 126 
2.14577e-06 1 216 
1.90735e-06 1 126 
2.14577e-06 1 216 
9.53674e-07 1 126 
1.90735e-06 1 216 
1.90735e-06 1 216 
2.14577e-06 1 36 
1.90735e-06 1 36 
2.14577e-06 1 216 
1.90735e-06 1 378 
3.8147e-06 1 648 
1.90735e-06 1 378 
2.86102e-06 1 648 
2.14577e-06 1 378 
2.86102e-06 1 648 
2.14577e-06 1 378 
2.86102e-06 1 648 
3.8147e-06 1 648 
9.53674e-07 1 18 
3.09944e-06 1 648 
1.19209e-06 1 18 
2.14577e-06 1 378 
1.90735e-06 1 378 
1.90735e-06 1 378 
3.09944e-06 1 648 
1.90735e-06 1 378 
2.86102e-06 1 648 
2.14577e-06 1 378 
2.86102e-06 1 648 
2.14577e-06 1 378 
3.09944e-06 1 648 
3.09944e-06 1 648 
9.53674e-07 1 18 
3.09944e-06 1 648 
2.14577e-06 1 18 
1.90735e-06 1 126 
2.14577e-06 1 216 
1.90735e-06 1 126 
1.90735e-06 1 216 
2.14577e-06 1 126 
9.53674e-07 1 216 
1.90735e-06 1 126 
2.14577e-06 1 216 
1.90735e-06 1 126 
2.86102e-06 1 189 
1.90735e-06 1 126 
1.90735e-06 1 189 
2.14577e-06 1 126 
2.86102e-06 1 189 
1.90735e-06 1 126 
3.09944e-06 1 189 
3.09944e-06 1 324 
2.86102e-06 1 324 
2.86102e-06 1 324 
4.05312e-06 1 324 
1.90735e-06 1 324 
2.86102e-06 1 324 
3.8147e-06 1 324 
2.86102e-06 1 324 
2.86102e-06 1 324 
9.53674e-07 1 18 
3.09944e-06 1 324 
9.53674e-07 1 18 
1.90735e-06 1 126 
3.09944e-06 1 189 
1.90735e-06 1 126 
2.14577e-06 1 189 
1.90735e-06 1 126 
1.90735e-06 1 189 
9.53674e-07 1 126 
2.14577e-06 1 189 
3.09944e-06 1 324 
9.53674e-07 1 18 
3.09944e-06 1 324 
2.14577e-06 1 18 
2.86102e-06 1 216 
2.14577e-06 1 18 
1.90735e-06 1 18 
1.90735e-06 1 216 
2.14577e-06 1 126 
1.90735e-06 1 189 
9.53674e-07 1 126 
2.86102e-06 1 189 
2.14577e-06 1 126 
1.90735e-06 1 189 
9.53674e-07 1 126 
1.90735e-06 1 189 
2.86102e-06 1 189 
2.14577e-06 1 189 
1.90735e-06 1 108 
1.90735e-06 1 108 
1.90735e-06 1 126 
2.86102e-06 1 189 
9.53674e-07 1 126 
1.90735e-06 1 189 
1.90735e-06 1 126 
2.14577e-06 1 189 
1.90735e-06 1 126 
1.90735e-06 1 189 
3.09944e-06 1 324 
3.09944e-06 1 324 
1.90735e-06 1 324 
2.86102e-06 1 324 
3.09944e-06 1 324 
2.14577e-06 1 324 
2.14577e-06 1 189 
1.90735e-06 1 126 
1.90735e-06 1 189 
1.90735e-06 1 126 
1.90735e-06 1 189 
2.14577e-06 1 126 
1.90735e-06 1 189 
9.53674e-07 1 126 
2.86102e-06 1 378 
1.90735e-06 1 189 
3.09944e-06 1 189 
3.8147e-06 1 378 
3.09944e-06 1 189 
1.90735e-06 1 126 
1.90735e-06 1 189 
9.53674e-07 1 126 
1.90735e-06 1 189 
2.14577e-06 1 126 
2.14577e-06 1 189 
1.90735e-06 1 126 
1.90735e-06 1 126 
3.09944e-06 1 189 
1.90735e-06 1 126 
1.90735e-06 1 189 
9.53674e-07 1 126 
2.14577e-06 1 189 
9.53674e-07 1 126 
1.90735e-06 1 189 
3.09944e-06 1 189 
9.53674e-07 1 126 
2.14577e-06 1 189 
2.14577e-06 1 126 
2.14577e-06 1 189 
9.53674e-07 1 126 
2.14577e-06 1 189 
9.53674e-07 1 126 
3.09944e-06 1 216 
1.90735e-06 1 216 
2.14577e-06 1 216 
2.14577e-06 1 216 
1.90735e-06 1 18 
1.90735e-06 1 18 
1.90735e-06 1 126 
1.90735e-06 1 189 
1.90735e-06 1 126 
1.90735e-06 1 189 
1.90735e-06 1 126 
1.90735e-06 1 189 
1.19209e-06 1 126 
1.90735e-06 1 189 
1.90735e-06 1 126 
2.14577e-06 1 189 
9.53674e-07 1 126 
2.14577e-06 1 189 
9.53674e-07 1 126 
1.90735e-06 1 189 
9.53674e-07 1 126 
2.14577e-06 1 189 
3.09944e-06 1 189 
1.90735e-06 1 126 
3.09944e-06 1 189 
1.19209e-06 1 126 
1.90735e-06 1 189 
1.90735e-06 1 126 
1.90735e-06 1 189 
9.53674e-07 1 126 
