1.39334e-14 5.37607e-10 -1.75712e-11 
4.05312e-06 1 9010 5328 
3.09944e-06 1 9760 85248 
5.96046e-06 1 11620 21312 
4.05312e-06 1 9760 85248 
6.19888e-06 1 12920 21312 
2.86102e-06 1 14720 340992 
7.86781e-06 1 16820 21312 
4.05312e-06 1 19520 340992 
1.50204e-05 1 24670 33300 
5.00679e-06 1 27520 340992 
9.05991e-06 1 12884 42325.3 
4.05312e-06 1 10998 190464 
1.12057e-05 1 16766 42325.3 
5.00679e-06 1 15217 190464 
1.28746e-05 1 20648 42325.3 
7.15256e-06 1 23514 761856 
1.90735e-05 1 25823 42325.3 
9.05991e-06 1 29644 761856 
4.31538e-05 1 46624 66133.3 
1.09673e-05 1 52638 761856 
4.05312e-06 1 11620 21312 
2.86102e-06 1 13120 340992 
4.05312e-06 1 11620 21312 
3.09944e-06 1 9760 85248 
5.00679e-06 1 12920 21312 
3.09944e-06 1 14720 340992 
7.86781e-06 1 15520 21312 
4.05312e-06 1 17920 340992 
1.40667e-05 1 20720 21312 
7.15256e-06 1 24320 340992 
6.91414e-06 1 12884 29582.2 
4.05312e-06 1 10998 133120 
6.91414e-06 1 14178 29582.2 
4.05312e-06 1 15849 532480 
9.05991e-06 1 16766 29582.2 
5.96046e-06 1 18915 532480 
1.38283e-05 1 21942 29582.2 
5.96046e-06 1 20843 133120 
3.00407e-05 1 34946 46222.2 
8.10623e-06 1 38842 532480 
4.05312e-06 1 9010 5328 
4.05312e-06 1 9760 85248 
5.00679e-06 1 11620 21312 
2.86102e-06 1 9760 85248 
6.91414e-06 1 12920 21312 
3.09944e-06 1 11200 85248 
8.10623e-06 1 16820 21312 
5.00679e-06 1 19520 340992 
1.90735e-05 1 24670 33300 
5.96046e-06 1 27520 340992 
6.19888e-06 1 11590 23210.7 
4.05312e-06 1 9592 104448 
6.19888e-06 1 12884 23210.7 
4.05312e-06 1 14317 417792 
7.86781e-06 1 15472 23210.7 
4.05312e-06 1 17382 417792 
1.19209e-05 1 20673 36266.7 
5.00679e-06 1 21981 417792 
2.59876e-05 1 29756 36266.7 
7.15256e-06 1 32711 417792 
5.96046e-06 1 12861 25804.8 
4.05312e-06 1 10854 129024 
8.10623e-06 1 14151 25804.8 
5.00679e-06 1 12236 129024 
1.21593e-05 1 20602 25804.8 
5.96046e-06 1 19148 129024 
1.71661e-05 1 25791 40320 
5.96046e-06 1 23296 129024 
3.98159e-05 1 44003 79027.2 
7.86781e-06 1 45209 516096 
5.00679e-06 1 11532 5677.29 
4.05312e-06 1 9172 43999 
6.91414e-06 1 12816 5677.29 
4.05312e-06 1 10495 43999 
7.86781e-06 1 16667 8870.76 
4.05312e-06 1 16041 175996 
1.71661e-05 1 24377 17386.7 
5.96046e-06 1 21502 175996 
3.79086e-05 1 39824 35483 
8.10623e-06 1 33790 175996 
7.15256e-06 1 12812 6905.65 
4.05312e-06 1 10464 56971.6 
9.05991e-06 1 15378 6905.65 
5.00679e-06 1 15961 227887 
1.09673e-05 1 20510 10790.1 
5.00679e-06 1 20027 227887 
2.28882e-05 1 30786 21148.6 
5.96046e-06 1 28158 227887 
5.4121e-05 1 51380 52224 
1.09673e-05 1 44420 227887 
4.05312e-06 1 9010 5328 
3.09944e-06 1 9760 85248 
5.00679e-06 1 11620 21312 
3.09944e-06 1 9760 85248 
6.19888e-06 1 12920 21312 
2.86102e-06 1 11200 85248 
6.91414e-06 1 15520 21312 
4.05312e-06 1 17920 340992 
1.40667e-05 1 22060 33300 
5.00679e-06 1 24320 340992 
5.96046e-06 1 11590 20024.9 
3.09944e-06 1 9592 90112 
5.96046e-06 1 12884 20024.9 
2.86102e-06 1 10998 90112 
5.96046e-06 1 12884 20024.9 
3.8147e-06 1 10998 90112 
1.09673e-05 1 19354 20024.9 
3.8147e-06 1 18030 90112 
2.00272e-05 1 25863 31288.9 
8.10623e-06 1 28112 360448 
5.00679e-06 1 11571 19169.3 
2.86102e-06 1 9472 95846.4 
5.96046e-06 1 12861 19169.3 
4.05312e-06 1 14028 383386 
8.10623e-06 1 15441 19169.3 
4.05312e-06 1 16998 383386 
1.19209e-05 1 20602 19169.3 
5.96046e-06 1 22937 383386 
3.00407e-05 1 36216 58705.9 
6.91414e-06 1 36300 383386 
5.96046e-06 1 11543 8070.82 
2.86102e-06 1 9262 52460.3 
5.96046e-06 1 12827 8070.82 
4.05312e-06 1 10603 52460.3 
8.10623e-06 1 15397 8070.82 
4.05312e-06 1 13284 52460.3 
1.21593e-05 1 20543 12610.7 
5.00679e-06 1 20533 209841 
2.59876e-05 1 33447 32283.3 
5.96046e-06 1 30341 209841 
7.15256e-06 1 12821 8275.59 
4.05312e-06 1 10552 57929.1 
7.86781e-06 1 12821 8275.59 
4.05312e-06 1 10552 57929.1 
9.05991e-06 1 16672 8275.59 
4.05312e-06 1 17579 231717 
1.69277e-05 1 24385 12930.6 
5.96046e-06 1 24501 231717 
4.00543e-05 1 39850 33102.4 
6.91414e-06 1 36962 231717 
5.00679e-06 1 11620 21312 
3.09944e-06 1 9760 85248 
5.00679e-06 1 11620 21312 
3.09944e-06 1 9760 85248 
5.00679e-06 1 12920 21312 
4.05312e-06 1 14720 340992 
1.00136e-05 1 16820 21312 
4.05312e-06 1 15520 85248 
1.50204e-05 1 24670 33300 
5.96046e-06 1 27520 340992 
5.00679e-06 1 11590 18432 
4.05312e-06 1 9592 82944 
5.96046e-06 1 11590 18432 
2.86102e-06 1 12784 331776 
6.91414e-06 1 12884 18432 
4.05312e-06 1 10998 82944 
9.05991e-06 1 16766 18432 
5.00679e-06 1 18915 331776 
2.00272e-05 1 24565 28800 
5.96046e-06 1 26579 331776 
4.76837e-06 1 11571 16220.2 
3.09944e-06 1 12544 324403 
5.96046e-06 1 12860 16220.2 
4.05312e-06 1 10853 81100.8 
7.15256e-06 1 15441 16220.2 
5.00679e-06 1 16998 324403 
1.09673e-05 1 19312 16220.2 
4.05312e-06 1 21452 324403 
2.09808e-05 1 28377 25344 
6.19888e-06 1 30361 324403 
5.00679e-06 1 11548 9472 
3.8147e-06 1 12230 227328 
5.00679e-06 1 11548 9472 
2.86102e-06 1 9314 56832 
7.15256e-06 1 12835 9472 
4.05312e-06 1 13653 227328 
1.09673e-05 1 20561 14800 
4.05312e-06 1 20764 227328 
2.69413e-05 1 30896 29008 
7.15256e-06 1 29297 227328 
5.96046e-06 1 11542 8834.27 
4.05312e-06 1 12124 229691 
5.00679e-06 1 11542 8834.27 
3.09944e-06 1 12124 229691 
7.86781e-06 1 15397 8834.27 
4.05312e-06 1 16329 229691 
1.40667e-05 1 21828 13803.6 
4.05312e-06 1 21934 229691 
3.09944e-05 1 36025 35337.1 
6.91414e-06 1 33142 229691 
