7.38069e-14 6.29104e-11 -5.07877e-14 
5.96046e-06 1 21280 175200 
3.09944e-06 1 59432 639480 
1.19209e-06 1 7144 8760 
9.53674e-07 1 5864 8760 
5.00679e-06 1 21280 175200 
2.86102e-06 1 59432 639480 
1.90735e-06 1 7144 8760 
9.53674e-07 1 5864 8760 
1.90735e-06 1 21280 175200 
1.90735e-06 1 59432 639480 
9.53674e-07 1 7144 8760 
9.53674e-07 1 5864 8760 
1.90735e-06 1 21280 175200 
1.90735e-06 1 59432 639480 
1.19209e-06 1 7144 8760 
9.53674e-07 1 5864 8760 
9.53674e-07 1 21280 175200 
3.09944e-06 1 59432 639480 
9.53674e-07 1 7144 8760 
9.53674e-07 1 5864 8760 
9.53674e-07 1 7168 10650 
9.53674e-07 1 5888 10650 
1.90735e-06 1 7168 10650 
9.53674e-07 1 5888 10650 
1.19209e-06 1 7168 10650 
9.53674e-07 1 5888 10650 
9.53674e-07 1 7168 10650 
9.53674e-07 1 5888 10650 
9.53674e-07 1 7168 10650 
9.53674e-07 1 5888 10650 
3.8147e-06 1 45392 537240 
1.5974e-05 1 312760 4.5177e+06 
1.90735e-06 1 10616 24420 
9.53674e-07 1 8056 24420 
5.00679e-06 1 45392 537240 
1.5974e-05 1 312760 4.5177e+06 
1.90735e-06 1 10616 24420 
9.53674e-07 1 8056 24420 
2.40803e-05 1 45392 537240 
1.50204e-05 1 312760 4.5177e+06 
1.90735e-06 1 10616 24420 
9.53674e-07 1 8056 24420 
5.00679e-06 1 45392 537240 
1.50204e-05 1 312760 4.5177e+06 
9.53674e-07 1 10616 24420 
9.53674e-07 1 8056 24420 
4.05312e-06 1 45392 537240 
1.4782e-05 1 312760 4.5177e+06 
1.90735e-06 1 10616 24420 
1.90735e-06 1 8056 24420 
1.90735e-06 1 10640 29646 
9.53674e-07 1 8079 29646 
2.14577e-06 1 10640 29646 
9.53674e-07 1 8079 29646 
2.14577e-06 1 10640 29646 
9.53674e-07 1 8079 29646 
1.90735e-06 1 10640 29646 
9.53674e-07 1 8079 29646 
3.09944e-06 1 10640 29646 
9.53674e-07 1 8079 29646 
2.86102e-06 1 21280 175200 
3.09944e-06 1 59432 639480 
9.53674e-07 1 7144 8760 
9.53674e-07 1 5864 8760 
3.09944e-06 1 21280 175200 
3.09944e-06 1 59432 639480 
9.53674e-07 1 7144 8760 
9.53674e-07 1 5864 8760 
1.90735e-06 1 21280 175200 
2.86102e-06 1 59432 639480 
9.53674e-07 1 7144 8760 
1.90735e-06 1 5864 8760 
2.86102e-06 1 21280 175200 
3.09944e-06 1 59432 639480 
9.53674e-07 1 7144 8760 
9.53674e-07 1 5864 8760 
2.14577e-06 1 21280 175200 
3.09944e-06 1 59432 639480 
1.90735e-06 1 7144 8760 
1.19209e-06 1 5864 8760 
9.53674e-07 1 7168 10650 
1.19209e-06 1 5888 10650 
9.53674e-07 1 7168 10650 
9.53674e-07 1 5888 10650 
1.90735e-06 1 7168 10650 
9.53674e-07 1 5888 10650 
9.53674e-07 1 7168 10650 
1.90735e-06 1 5888 10650 
1.19209e-06 1 7168 10650 
9.53674e-07 1 5888 10650 
2.86102e-06 1 35535 374616 
9.05991e-06 1 162232 2.19661e+06 
1.19209e-06 1 10167 17028 
9.53674e-07 1 7608 17028 
2.86102e-06 1 35535 374616 
9.05991e-06 1 162232 2.19661e+06 
2.14577e-06 1 10167 17028 
1.19209e-06 1 7608 17028 
3.8147e-06 1 35535 374616 
8.10623e-06 1 162232 2.19661e+06 
2.14577e-06 1 10167 17028 
9.53674e-07 1 7608 17028 
4.05312e-06 1 35535 374616 
9.05991e-06 1 162232 2.19661e+06 
9.53674e-07 1 10167 17028 
9.53674e-07 1 7608 17028 
3.09944e-06 1 35535 374616 
9.05991e-06 1 162232 2.19661e+06 
2.14577e-06 1 10167 17028 
2.14577e-06 1 7608 17028 
9.53674e-07 1 7632 20574 
1.19209e-06 1 6352 20574 
1.90735e-06 1 7632 20574 
2.14577e-06 1 6352 20574 
2.14577e-06 1 7632 20574 
2.14577e-06 1 6352 20574 
4.05312e-06 1 7632 20574 
2.14577e-06 1 6352 20574 
1.90735e-06 1 7632 20574 
2.14577e-06 1 6352 20574 
3.09944e-06 1 21280 175200 
2.86102e-06 1 59432 639480 
1.19209e-06 1 7144 8760 
1.19209e-06 1 5864 8760 
2.14577e-06 1 21280 175200 
3.09944e-06 1 59432 639480 
1.90735e-06 1 7144 8760 
9.53674e-07 1 5864 8760 
1.90735e-06 1 21280 175200 
3.09944e-06 1 59432 639480 
1.90735e-06 1 7144 8760 
1.19209e-06 1 5864 8760 
1.90735e-06 1 21280 175200 
2.86102e-06 1 59432 639480 
2.14577e-06 1 7144 8760 
1.90735e-06 1 5864 8760 
2.14577e-06 1 21280 175200 
2.86102e-06 1 59432 639480 
9.53674e-07 1 7144 8760 
9.53674e-07 1 5864 8760 
2.14577e-06 1 7168 10650 
1.19209e-06 1 5888 10650 
9.53674e-07 1 7168 10650 
9.53674e-07 1 5888 10650 
1.19209e-06 1 7168 10650 
9.53674e-07 1 5888 10650 
1.19209e-06 1 7168 10650 
9.53674e-07 1 5888 10650 
1.90735e-06 1 7168 10650 
9.53674e-07 1 5888 10650 
4.05312e-06 1 28048 293304 
5.96046e-06 1 104504 1.34653e+06 
1.19209e-06 1 7384 13332 
9.53674e-07 1 6104 13332 
3.09944e-06 1 28048 293304 
5.96046e-06 1 104504 1.34653e+06 
1.90735e-06 1 7384 13332 
1.90735e-06 1 6104 13332 
2.86102e-06 1 28048 293304 
6.19888e-06 1 104504 1.34653e+06 
9.53674e-07 1 7384 13332 
9.53674e-07 1 6104 13332 
5.00679e-06 1 28048 293304 
5.96046e-06 1 104504 1.34653e+06 
2.14577e-06 1 7384 13332 
1.90735e-06 1 6104 13332 
3.8147e-06 1 28048 293304 
5.96046e-06 1 104504 1.34653e+06 
1.90735e-06 1 7384 13332 
9.53674e-07 1 6104 13332 
2.14577e-06 1 7407 16038 
1.19209e-06 1 6128 16038 
9.53674e-07 1 7407 16038 
2.14577e-06 1 6128 16038 
1.90735e-06 1 7407 16038 
1.19209e-06 1 6128 16038 
1.90735e-06 1 7407 16038 
1.90735e-06 1 6128 16038 
9.53674e-07 1 7407 16038 
9.53674e-07 1 6128 16038 
4.05312e-06 1 38976 480384 
7.15256e-06 1 186375 2.78222e+06 
1.90735e-06 1 8984 20016 
1.19209e-06 1 6423 20016 
3.09944e-06 1 38976 480384 
6.91414e-06 1 186375 2.78222e+06 
1.90735e-06 1 8984 20016 
9.53674e-07 1 6423 20016 
3.09944e-06 1 38976 480384 
5.96046e-06 1 186375 2.78222e+06 
1.90735e-06 1 8984 20016 
9.53674e-07 1 6423 20016 
3.09944e-06 1 38976 480384 
7.15256e-06 1 186375 2.78222e+06 
1.19209e-06 1 8984 20016 
9.53674e-07 1 6423 20016 
4.05312e-06 1 38976 480384 
6.91414e-06 1 186375 2.78222e+06 
9.53674e-07 1 8984 20016 
9.53674e-07 1 6423 20016 
9.53674e-07 1 10288 23838 
1.19209e-06 1 7728 23838 
2.14577e-06 1 10288 23838 
9.53674e-07 1 7728 23838 
1.90735e-06 1 10288 23838 
9.53674e-07 1 7728 23838 
1.90735e-06 1 10288 23838 
1.19209e-06 1 7728 23838 
2.14577e-06 1 10288 23838 
9.53674e-07 1 7728 23838 
4.05312e-06 1 36640 536550 
3.8147e-06 1 68192 1.11909e+06 
9.53674e-07 1 7264 15330 
9.53674e-07 1 5984 15330 
3.09944e-06 1 36640 536550 
2.86102e-06 1 68192 1.11909e+06 
1.19209e-06 1 7264 15330 
9.53674e-07 1 5984 15330 
3.09944e-06 1 36640 536550 
4.05312e-06 1 68192 1.11909e+06 
9.53674e-07 1 7264 15330 
1.19209e-06 1 5984 15330 
3.09944e-06 1 36640 536550 
2.86102e-06 1 68192 1.11909e+06 
9.53674e-07 1 7264 15330 
9.53674e-07 1 5984 15330 
2.86102e-06 1 36640 536550 
3.09944e-06 1 68192 1.11909e+06 
2.14577e-06 1 7264 15330 
1.19209e-06 1 5984 15330 
9.53674e-07 1 7288 17040 
9.53674e-07 1 6008 17040 
2.14577e-06 1 7288 17040 
2.14577e-06 1 6008 17040 
1.19209e-06 1 7288 17040 
1.19209e-06 1 6008 17040 
9.53674e-07 1 7288 17040 
9.53674e-07 1 6008 17040 
1.90735e-06 1 7288 17040 
9.53674e-07 1 6008 17040 
4.05312e-06 1 48528 829614 
5.96046e-06 1 117904 2.26462e+06 
1.90735e-06 1 8784 22422 
9.53674e-07 1 7504 22422 
4.05312e-06 1 48528 829614 
6.19888e-06 1 117904 2.26462e+06 
2.14577e-06 1 8784 22422 
9.53674e-07 1 7504 22422 
4.05312e-06 1 48528 829614 
5.96046e-06 1 117904 2.26462e+06 
9.53674e-07 1 8784 22422 
9.53674e-07 1 7504 22422 
4.05312e-06 1 48528 829614 
5.96046e-06 1 117904 2.26462e+06 
1.19209e-06 1 8784 22422 
2.14577e-06 1 7504 22422 
5.96046e-06 1 48528 829614 
7.15256e-06 1 117904 2.26462e+06 
1.90735e-06 1 8784 22422 
1.90735e-06 1 7504 22422 
2.14577e-06 1 8808 24948 
9.53674e-07 1 7528 24948 
1.90735e-06 1 8808 24948 
2.14577e-06 1 7528 24948 
2.14577e-06 1 8808 24948 
9.53674e-07 1 7528 24948 
9.53674e-07 1 8808 24948 
2.14577e-06 1 7528 24948 
1.90735e-06 1 8808 24948 
1.90735e-06 1 7528 24948 
1.90735e-06 1 21280 175200 
1.90735e-06 1 59432 639480 
9.53674e-07 1 7144 8760 
9.53674e-07 1 5864 8760 
1.90735e-06 1 21280 175200 
2.14577e-06 1 59432 639480 
9.53674e-07 1 7144 8760 
9.53674e-07 1 5864 8760 
2.14577e-06 1 21280 175200 
9.53674e-07 1 59432 639480 
1.19209e-06 1 7144 8760 
9.53674e-07 1 5864 8760 
1.90735e-06 1 21280 175200 
1.90735e-06 1 59432 639480 
9.53674e-07 1 7144 8760 
9.53674e-07 1 5864 8760 
1.90735e-06 1 21280 175200 
2.14577e-06 1 59432 639480 
9.53674e-07 1 7144 8760 
9.53674e-07 1 5864 8760 
9.53674e-07 1 7168 10650 
1.19209e-06 1 5888 10650 
9.53674e-07 1 7168 10650 
9.53674e-07 1 5888 10650 
9.53674e-07 1 7168 10650 
9.53674e-07 1 5888 10650 
9.53674e-07 1 7168 10650 
9.53674e-07 1 5888 10650 
1.19209e-06 1 7168 10650 
9.53674e-07 1 5888 10650 
2.86102e-06 1 25584 252648 
4.05312e-06 1 80984 999108 
9.53674e-07 1 7272 11484 
2.14577e-06 1 5992 11484 
3.09944e-06 1 25584 252648 
3.8147e-06 1 80984 999108 
1.19209e-06 1 7272 11484 
9.53674e-07 1 5992 11484 
2.86102e-06 1 25584 252648 
4.05312e-06 1 80984 999108 
1.90735e-06 1 7272 11484 
9.53674e-07 1 5992 11484 
3.09944e-06 1 25584 252648 
5.00679e-06 1 80984 999108 
9.53674e-07 1 7272 11484 
9.53674e-07 1 5992 11484 
2.14577e-06 1 25584 252648 
4.05312e-06 1 80984 999108 
9.53674e-07 1 7272 11484 
9.53674e-07 1 5992 11484 
9.53674e-07 1 7296 13770 
2.14577e-06 1 6015 13770 
1.90735e-06 1 7296 13770 
9.53674e-07 1 6015 13770 
1.19209e-06 1 7296 13770 
1.19209e-06 1 6015 13770 
9.53674e-07 1 7296 13770 
9.53674e-07 1 6015 13770 
9.53674e-07 1 7296 13770 
9.53674e-07 1 6015 13770 
2.86102e-06 1 32063 355968 
5.96046e-06 1 111048 1.5277e+06 
9.53674e-07 1 8695 14832 
1.90735e-06 1 7416 14832 
3.09944e-06 1 32063 355968 
5.96046e-06 1 111048 1.5277e+06 
9.53674e-07 1 8695 14832 
9.53674e-07 1 7416 14832 
3.09944e-06 1 32063 355968 
5.96046e-06 1 111048 1.5277e+06 
2.14577e-06 1 8695 14832 
9.53674e-07 1 7416 14832 
3.09944e-06 1 32063 355968 
6.19888e-06 1 111048 1.5277e+06 
9.53674e-07 1 8695 14832 
9.53674e-07 1 7416 14832 
2.86102e-06 1 32063 355968 
5.96046e-06 1 111048 1.5277e+06 
9.53674e-07 1 8695 14832 
9.53674e-07 1 7416 14832 
2.14577e-06 1 7440 17574 
9.53674e-07 1 6160 17574 
9.53674e-07 1 7440 17574 
9.53674e-07 1 6160 17574 
9.53674e-07 1 7440 17574 
1.19209e-06 1 6160 17574 
2.14577e-06 1 7440 17574 
9.53674e-07 1 6160 17574 
1.19209e-06 1 7440 17574 
9.53674e-07 1 6160 17574 
3.09944e-06 1 31120 394200 
3.09944e-06 1 65272 959220 
9.53674e-07 1 7224 13140 
9.53674e-07 1 5944 13140 
1.90735e-06 1 31120 394200 
3.09944e-06 1 65272 959220 
1.90735e-06 1 7224 13140 
9.53674e-07 1 5944 13140 
1.90735e-06 1 31120 394200 
2.86102e-06 1 65272 959220 
1.90735e-06 1 7224 13140 
9.53674e-07 1 5944 13140 
1.90735e-06 1 31120 394200 
3.09944e-06 1 65272 959220 
9.53674e-07 1 7224 13140 
1.19209e-06 1 5944 13140 
2.14577e-06 1 31120 394200 
3.09944e-06 1 65272 959220 
9.53674e-07 1 7224 13140 
9.53674e-07 1 5944 13140 
9.53674e-07 1 7248 14910 
9.53674e-07 1 5968 14910 
9.53674e-07 1 7248 14910 
1.19209e-06 1 5968 14910 
9.53674e-07 1 7248 14910 
9.53674e-07 1 5968 14910 
9.53674e-07 1 7248 14910 
1.19209e-06 1 5968 14910 
9.53674e-07 1 7248 14910 
9.53674e-07 1 5968 14910 
2.86102e-06 1 36864 534528 
3.8147e-06 1 87944 1.45325e+06 
9.53674e-07 1 7352 16704 
9.53674e-07 1 6072 16704 
2.86102e-06 1 36864 534528 
4.05312e-06 1 87944 1.45325e+06 
1.19209e-06 1 7352 16704 
9.53674e-07 1 6072 16704 
3.09944e-06 1 36864 534528 
4.05312e-06 1 87944 1.45325e+06 
9.53674e-07 1 7352 16704 
9.53674e-07 1 6072 16704 
1.90735e-06 1 36864 534528 
4.05312e-06 1 87944 1.45325e+06 
1.19209e-06 1 7352 16704 
9.53674e-07 1 6072 16704 
2.86102e-06 1 36864 534528 
4.05312e-06 1 87944 1.45325e+06 
9.53674e-07 1 7352 16704 
9.53674e-07 1 6072 16704 
1.19209e-06 1 7376 18870 
1.19209e-06 1 6096 18870 
1.90735e-06 1 7376 18870 
9.53674e-07 1 6096 18870 
2.14577e-06 1 7376 18870 
9.53674e-07 1 6096 18870 
2.14577e-06 1 7376 18870 
9.53674e-07 1 6096 18870 
9.53674e-07 1 7376 18870 
9.53674e-07 1 6096 18870 
4.05312e-06 1 44943 714408 
5.96046e-06 1 119288 2.16424e+06 
9.53674e-07 1 8775 21012 
9.53674e-07 1 7496 21012 
4.05312e-06 1 44943 714408 
6.91414e-06 1 119288 2.16424e+06 
1.90735e-06 1 8775 21012 
9.53674e-07 1 7496 21012 
3.8147e-06 1 44943 714408 
5.96046e-06 1 119288 2.16424e+06 
1.90735e-06 1 8775 21012 
9.53674e-07 1 7496 21012 
4.05312e-06 1 44943 714408 
5.96046e-06 1 119288 2.16424e+06 
2.14577e-06 1 8775 21012 
1.19209e-06 1 7496 21012 
4.05312e-06 1 44943 714408 
7.15256e-06 1 119288 2.16424e+06 
1.90735e-06 1 8775 21012 
9.53674e-07 1 7496 21012 
9.53674e-07 1 8800 23634 
1.90735e-06 1 7520 23634 
1.90735e-06 1 8800 23634 
1.19209e-06 1 7520 23634 
1.90735e-06 1 8800 23634 
9.53674e-07 1 7520 23634 
9.53674e-07 1 8800 23634 
9.53674e-07 1 7520 23634 
9.53674e-07 1 8800 23634 
9.53674e-07 1 7520 23634 
5.00679e-06 1 45040 772632 
4.05312e-06 1 72280 1.34291e+06 
9.53674e-07 1 7320 18396 
1.19209e-06 1 6040 18396 
4.05312e-06 1 45040 772632 
4.05312e-06 1 72280 1.34291e+06 
2.14577e-06 1 7320 18396 
9.53674e-07 1 6040 18396 
3.8147e-06 1 45040 772632 
5.00679e-06 1 72280 1.34291e+06 
1.90735e-06 1 7320 18396 
1.90735e-06 1 6040 18396 
4.05312e-06 1 45040 772632 
4.05312e-06 1 72280 1.34291e+06 
2.14577e-06 1 7320 18396 
1.19209e-06 1 6040 18396 
4.05312e-06 1 45040 772632 
4.05312e-06 1 72280 1.34291e+06 
1.90735e-06 1 7320 18396 
9.53674e-07 1 6040 18396 
1.19209e-06 1 8623 20022 
9.53674e-07 1 7344 20022 
2.14577e-06 1 8623 20022 
9.53674e-07 1 7344 20022 
9.53674e-07 1 8623 20022 
1.90735e-06 1 7344 20022 
2.14577e-06 1 8623 20022 
9.53674e-07 1 7344 20022 
9.53674e-07 1 8623 20022 
9.53674e-07 1 7344 20022 
5.00679e-06 1 53791 1.01059e+06 
5.96046e-06 1 97576 1.99822e+06 
1.90735e-06 1 8727 22968 
9.53674e-07 1 7448 22968 
4.05312e-06 1 53791 1.01059e+06 
5.96046e-06 1 97576 1.99822e+06 
1.90735e-06 1 8727 22968 
9.53674e-07 1 7448 22968 
4.05312e-06 1 53791 1.01059e+06 
5.00679e-06 1 97576 1.99822e+06 
1.90735e-06 1 8727 22968 
9.53674e-07 1 7448 22968 
3.8147e-06 1 53791 1.01059e+06 
5.00679e-06 1 97576 1.99822e+06 
2.14577e-06 1 8727 22968 
1.90735e-06 1 7448 22968 
3.8147e-06 1 53791 1.01059e+06 
5.00679e-06 1 97576 1.99822e+06 
9.53674e-07 1 8727 22968 
9.53674e-07 1 7448 22968 
9.53674e-07 1 8752 24990 
9.53674e-07 1 7471 24990 
9.53674e-07 1 8752 24990 
1.19209e-06 1 7471 24990 
9.53674e-07 1 8752 24990 
9.53674e-07 1 7471 24990 
9.53674e-07 1 8752 24990 
9.53674e-07 1 7471 24990 
1.19209e-06 1 8752 24990 
9.53674e-07 1 7471 24990 
2.19345e-05 1 62512 1.30769e+06 
9.05991e-06 1 129176 2.92808e+06 
2.14577e-06 1 8872 28428 
9.53674e-07 1 7592 28428 
5.00679e-06 1 62512 1.30769e+06 
7.86781e-06 1 129176 2.92808e+06 
2.14577e-06 1 8872 28428 
9.53674e-07 1 7592 28428 
5.00679e-06 1 62512 1.30769e+06 
8.82149e-06 1 129176 2.92808e+06 
9.53674e-07 1 8872 28428 
1.90735e-06 1 7592 28428 
5.00679e-06 1 62512 1.30769e+06 
8.10623e-06 1 129176 2.92808e+06 
9.53674e-07 1 8872 28428 
9.53674e-07 1 7592 28428 
5.00679e-06 1 62512 1.30769e+06 
9.05991e-06 1 129176 2.92808e+06 
1.19209e-06 1 8872 28428 
9.53674e-07 1 7592 28428 
1.19209e-06 1 8896 30906 
9.53674e-07 1 7616 30906 
9.53674e-07 1 8896 30906 
9.53674e-07 1 7616 30906 
1.90735e-06 1 8896 30906 
2.14577e-06 1 7616 30906 
1.90735e-06 1 8896 30906 
9.53674e-07 1 7616 30906 
2.14577e-06 1 8896 30906 
9.53674e-07 1 7616 30906 
5.00679e-06 1 65472 1.37357e+06 
5.00679e-06 1 81736 1.79054e+06 
9.53674e-07 1 8712 24528 
1.19209e-06 1 7432 24528 
5.00679e-06 1 65472 1.37357e+06 
5.00679e-06 1 81736 1.79054e+06 
1.19209e-06 1 8712 24528 
9.53674e-07 1 7432 24528 
5.00679e-06 1 65472 1.37357e+06 
5.00679e-06 1 81736 1.79054e+06 
9.53674e-07 1 8712 24528 
9.53674e-07 1 7432 24528 
5.00679e-06 1 65472 1.37357e+06 
5.00679e-06 1 81736 1.79054e+06 
9.53674e-07 1 8712 24528 
1.90735e-06 1 7432 24528 
5.00679e-06 1 65472 1.37357e+06 
5.00679e-06 1 81736 1.79054e+06 
9.53674e-07 1 8712 24528 
1.19209e-06 1 7432 24528 
1.90735e-06 1 8736 25986 
2.14577e-06 1 7456 25986 
2.14577e-06 1 8736 25986 
2.14577e-06 1 7456 25986 
1.90735e-06 1 8736 25986 
1.90735e-06 1 7456 25986 
1.19209e-06 1 8736 25986 
1.19209e-06 1 7456 25986 
9.53674e-07 1 8736 25986 
9.53674e-07 1 7456 25986 
6.91414e-06 1 74959 1.75601e+06 
6.91414e-06 1 107320 2.63401e+06 
1.19209e-06 1 8839 30276 
2.14577e-06 1 7560 30276 
5.96046e-06 1 74959 1.75601e+06 
7.15256e-06 1 107320 2.63401e+06 
1.90735e-06 1 8839 30276 
9.53674e-07 1 7560 30276 
5.96046e-06 1 74959 1.75601e+06 
7.86781e-06 1 107320 2.63401e+06 
1.90735e-06 1 8839 30276 
9.53674e-07 1 7560 30276 
6.19888e-06 1 74959 1.75601e+06 
7.86781e-06 1 107320 2.63401e+06 
1.90735e-06 1 8839 30276 
9.53674e-07 1 7560 30276 
6.91414e-06 1 74959 1.75601e+06 
7.86781e-06 1 107320 2.63401e+06 
1.19209e-06 1 8839 30276 
1.90735e-06 1 7560 30276 
9.53674e-07 1 8863 32130 
1.90735e-06 1 7584 32130 
1.90735e-06 1 8863 32130 
1.90735e-06 1 7584 32130 
1.90735e-06 1 8863 32130 
1.90735e-06 1 7584 32130 
1.90735e-06 1 8863 32130 
2.14577e-06 1 7584 32130 
2.14577e-06 1 8863 32130 
9.53674e-07 1 7584 32130 
4.05312e-06 1 21280 175200 
4.05312e-06 1 59432 639480 
2.14577e-06 1 7144 8760 
9.53674e-07 1 5864 8760 
1.90735e-06 1 21280 175200 
4.05312e-06 1 59432 639480 
1.90735e-06 1 7144 8760 
1.19209e-06 1 5864 8760 
1.90735e-06 1 21280 175200 
2.86102e-06 1 59432 639480 
9.53674e-07 1 7144 8760 
1.19209e-06 1 5864 8760 
2.14577e-06 1 21280 175200 
2.86102e-06 1 59432 639480 
1.19209e-06 1 7144 8760 
9.53674e-07 1 5864 8760 
1.90735e-06 1 21280 175200 
2.86102e-06 1 59432 639480 
9.53674e-07 1 7144 8760 
9.53674e-07 1 5864 8760 
9.53674e-07 1 7168 10650 
9.53674e-07 1 5888 10650 
2.14577e-06 1 7168 10650 
1.19209e-06 1 5888 10650 
1.90735e-06 1 7168 10650 
9.53674e-07 1 5888 10650 
9.53674e-07 1 7168 10650 
1.19209e-06 1 5888 10650 
9.53674e-07 1 7168 10650 
1.19209e-06 1 5888 10650 
2.86102e-06 1 24352 232320 
4.05312e-06 1 70400 844800 
2.14577e-06 1 7216 10560 
9.53674e-07 1 5936 10560 
2.86102e-06 1 24352 232320 
4.05312e-06 1 70400 844800 
2.14577e-06 1 7216 10560 
9.53674e-07 1 5936 10560 
2.86102e-06 1 24352 232320 
4.05312e-06 1 70400 844800 
1.90735e-06 1 7216 10560 
9.53674e-07 1 5936 10560 
2.14577e-06 1 24352 232320 
4.05312e-06 1 70400 844800 
1.90735e-06 1 7216 10560 
9.53674e-07 1 5936 10560 
1.90735e-06 1 24352 232320 
4.05312e-06 1 70400 844800 
9.53674e-07 1 7216 10560 
1.19209e-06 1 5936 10560 
1.19209e-06 1 7239 12636 
9.53674e-07 1 5960 12636 
9.53674e-07 1 7239 12636 
1.19209e-06 1 5960 12636 
1.90735e-06 1 7239 12636 
9.53674e-07 1 5960 12636 
9.53674e-07 1 7239 12636 
1.19209e-06 1 5960 12636 
2.14577e-06 1 7239 12636 
9.53674e-07 1 5960 12636 
3.8147e-06 1 27711 300672 
6.19888e-06 1 82376 1.08994e+06 
2.14577e-06 1 7287 12528 
2.14577e-06 1 6008 12528 
3.09944e-06 1 27711 300672 
5.00679e-06 1 82376 1.08994e+06 
1.90735e-06 1 7287 12528 
9.53674e-07 1 6008 12528 
2.86102e-06 1 27711 300672 
4.76837e-06 1 82376 1.08994e+06 
9.53674e-07 1 7287 12528 
1.90735e-06 1 6008 12528 
3.09944e-06 1 27711 300672 
5.00679e-06 1 82376 1.08994e+06 
1.19209e-06 1 7287 12528 
9.53674e-07 1 6008 12528 
3.09944e-06 1 27711 300672 
5.00679e-06 1 82376 1.08994e+06 
2.14577e-06 1 7287 12528 
9.53674e-07 1 6008 12528 
9.53674e-07 1 7312 14790 
9.53674e-07 1 6032 14790 
9.53674e-07 1 7312 14790 
9.53674e-07 1 6032 14790 
9.53674e-07 1 7312 14790 
1.19209e-06 1 6032 14790 
1.90735e-06 1 7312 14790 
9.53674e-07 1 6032 14790 
9.53674e-07 1 7312 14790 
9.53674e-07 1 6032 14790 
4.05312e-06 1 29024 343392 
3.09944e-06 1 64104 895272 
1.19209e-06 1 7208 12264 
9.53674e-07 1 5928 12264 
2.86102e-06 1 29024 343392 
1.90735e-06 1 64104 895272 
9.53674e-07 1 7208 12264 
9.53674e-07 1 5928 12264 
2.14577e-06 1 29024 343392 
3.09944e-06 1 64104 895272 
9.53674e-07 1 7208 12264 
9.53674e-07 1 5928 12264 
2.14577e-06 1 29024 343392 
2.86102e-06 1 64104 895272 
9.53674e-07 1 7208 12264 
9.53674e-07 1 5928 12264 
1.90735e-06 1 29024 343392 
3.09944e-06 1 64104 895272 
9.53674e-07 1 7208 12264 
9.53674e-07 1 5928 12264 
9.53674e-07 1 7232 14058 
9.53674e-07 1 5952 14058 
1.19209e-06 1 7232 14058 
9.53674e-07 1 5952 14058 
2.14577e-06 1 7232 14058 
1.19209e-06 1 5952 14058 
1.90735e-06 1 7232 14058 
9.53674e-07 1 5952 14058 
2.14577e-06 1 7232 14058 
1.90735e-06 1 5952 14058 
2.86102e-06 1 32800 432000 
3.8147e-06 1 75520 1.152e+06 
9.53674e-07 1 7280 14400 
9.53674e-07 1 6000 14400 
3.09944e-06 1 32800 432000 
3.8147e-06 1 75520 1.152e+06 
9.53674e-07 1 7280 14400 
1.19209e-06 1 6000 14400 
2.86102e-06 1 32800 432000 
4.05312e-06 1 75520 1.152e+06 
9.53674e-07 1 7280 14400 
9.53674e-07 1 6000 14400 
3.09944e-06 1 32800 432000 
4.05312e-06 1 75520 1.152e+06 
9.53674e-07 1 7280 14400 
9.53674e-07 1 6000 14400 
2.86102e-06 1 32800 432000 
3.8147e-06 1 75520 1.152e+06 
9.53674e-07 1 7280 14400 
9.53674e-07 1 6000 14400 
9.53674e-07 1 7304 16380 
9.53674e-07 1 6024 16380 
9.53674e-07 1 7304 16380 
9.53674e-07 1 6024 16380 
9.53674e-07 1 7304 16380 
2.14577e-06 1 6024 16380 
2.14577e-06 1 7304 16380 
9.53674e-07 1 6024 16380 
1.90735e-06 1 7304 16380 
9.53674e-07 1 6024 16380 
4.05312e-06 1 36864 534528 
5.96046e-06 1 87944 1.45325e+06 
1.90735e-06 1 7352 16704 
1.90735e-06 1 6072 16704 
4.05312e-06 1 36864 534528 
5.00679e-06 1 87944 1.45325e+06 
1.90735e-06 1 7352 16704 
9.53674e-07 1 6072 16704 
3.8147e-06 1 36864 534528 
5.00679e-06 1 87944 1.45325e+06 
9.53674e-07 1 7352 16704 
9.53674e-07 1 6072 16704 
4.05312e-06 1 36864 534528 
2.38419e-05 1 87944 1.45325e+06 
9.53674e-07 1 7352 16704 
1.90735e-06 1 6072 16704 
4.05312e-06 1 36864 534528 
5.00679e-06 1 87944 1.45325e+06 
2.14577e-06 1 7352 16704 
1.19209e-06 1 6072 16704 
9.53674e-07 1 7376 18870 
9.53674e-07 1 6096 18870 
9.53674e-07 1 7376 18870 
9.53674e-07 1 6096 18870 
9.53674e-07 1 7376 18870 
9.53674e-07 1 6096 18870 
1.19209e-06 1 7376 18870 
9.53674e-07 1 6096 18870 
9.53674e-07 1 7376 18870 
1.19209e-06 1 6096 18870 
4.05312e-06 1 38960 599622 
3.8147e-06 1 69360 1.18304e+06 
2.14577e-06 1 7280 16206 
9.53674e-07 1 6000 16206 
3.09944e-06 1 38960 599622 
4.05312e-06 1 69360 1.18304e+06 
1.19209e-06 1 7280 16206 
9.53674e-07 1 6000 16206 
3.09944e-06 1 38960 599622 
4.05312e-06 1 69360 1.18304e+06 
2.14577e-06 1 7280 16206 
1.19209e-06 1 6000 16206 
2.86102e-06 1 38960 599622 
4.05312e-06 1 69360 1.18304e+06 
9.53674e-07 1 7280 16206 
1.19209e-06 1 6000 16206 
3.09944e-06 1 38960 599622 
4.05312e-06 1 69360 1.18304e+06 
9.53674e-07 1 7280 16206 
2.14577e-06 1 6000 16206 
9.53674e-07 1 7304 17892 
1.90735e-06 1 6024 17892 
1.90735e-06 1 7304 17892 
2.14577e-06 1 6024 17892 
9.53674e-07 1 7304 17892 
9.53674e-07 1 6024 17892 
9.53674e-07 1 7304 17892 
9.53674e-07 1 6024 17892 
1.19209e-06 1 7304 17892 
9.53674e-07 1 6024 17892 
5.00679e-06 1 43527 730080 
5.00679e-06 1 81280 1.4976e+06 
9.53674e-07 1 7351 18720 
1.90735e-06 1 6072 18720 
3.8147e-06 1 43527 730080 
5.00679e-06 1 81280 1.4976e+06 
9.53674e-07 1 7351 18720 
2.14577e-06 1 6072 18720 
4.05312e-06 1 43527 730080 
5.00679e-06 1 81280 1.4976e+06 
9.53674e-07 1 7351 18720 
9.53674e-07 1 6072 18720 
3.09944e-06 1 43527 730080 
4.05312e-06 1 81280 1.4976e+06 
2.14577e-06 1 7351 18720 
9.53674e-07 1 6072 18720 
4.05312e-06 1 43527 730080 
4.05312e-06 1 81280 1.4976e+06 
1.90735e-06 1 7351 18720 
9.53674e-07 1 6072 18720 
1.90735e-06 1 7376 20592 
9.53674e-07 1 6096 20592 
1.90735e-06 1 7376 20592 
9.53674e-07 1 6096 20592 
9.53674e-07 1 7376 20592 
9.53674e-07 1 6096 20592 
1.90735e-06 1 7376 20592 
1.90735e-06 1 6096 20592 
2.14577e-06 1 7376 20592 
9.53674e-07 1 6096 20592 
5.00679e-06 1 48384 877482 
5.00679e-06 1 94208 1.86197e+06 
1.19209e-06 1 7424 21402 
1.90735e-06 1 6144 21402 
4.05312e-06 1 48384 877482 
5.00679e-06 1 94208 1.86197e+06 
9.53674e-07 1 7424 21402 
9.53674e-07 1 6144 21402 
4.05312e-06 1 48384 877482 
5.96046e-06 1 94208 1.86197e+06 
9.53674e-07 1 7424 21402 
9.53674e-07 1 6144 21402 
4.05312e-06 1 48384 877482 
5.96046e-06 1 94208 1.86197e+06 
9.53674e-07 1 7424 21402 
9.53674e-07 1 6144 21402 
3.8147e-06 1 48384 877482 
5.00679e-06 1 94208 1.86197e+06 
1.90735e-06 1 7424 21402 
9.53674e-07 1 6144 21402 
2.14577e-06 1 8728 23460 
9.53674e-07 1 7448 23460 
9.53674e-07 1 8728 23460 
1.19209e-06 1 7448 23460 
1.90735e-06 1 8728 23460 
1.19209e-06 1 7448 23460 
1.19209e-06 1 8728 23460 
9.53674e-07 1 7448 23460 
1.19209e-06 1 8728 23460 
9.53674e-07 1 7448 23460 
5.00679e-06 1 51472 926808 
5.00679e-06 1 75896 1.4708e+06 
9.53674e-07 1 8632 20148 
9.53674e-07 1 7352 20148 
5.00679e-06 1 51472 926808 
3.8147e-06 1 75896 1.4708e+06 
9.53674e-07 1 8632 20148 
9.53674e-07 1 7352 20148 
3.8147e-06 1 51472 926808 
5.00679e-06 1 75896 1.4708e+06 
1.90735e-06 1 8632 20148 
9.53674e-07 1 7352 20148 
3.8147e-06 1 51472 926808 
4.05312e-06 1 75896 1.4708e+06 
9.53674e-07 1 8632 20148 
1.90735e-06 1 7352 20148 
4.05312e-06 1 51472 926808 
5.00679e-06 1 75896 1.4708e+06 
9.53674e-07 1 8632 20148 
9.53674e-07 1 7352 20148 
2.14577e-06 1 8656 21726 
9.53674e-07 1 7376 21726 
1.90735e-06 1 8656 21726 
9.53674e-07 1 7376 21726 
2.14577e-06 1 8656 21726 
2.14577e-06 1 7376 21726 
1.90735e-06 1 8656 21726 
2.14577e-06 1 7376 21726 
1.19209e-06 1 8656 21726 
9.53674e-07 1 7376 21726 
5.00679e-06 1 55551 1.10592e+06 
5.00679e-06 1 87040 1.8432e+06 
9.53674e-07 1 7423 23040 
2.14577e-06 1 6144 23040 
5.00679e-06 1 55551 1.10592e+06 
3.8147e-06 1 87040 1.8432e+06 
9.53674e-07 1 7423 23040 
9.53674e-07 1 6144 23040 
4.05312e-06 1 55551 1.10592e+06 
5.00679e-06 1 87040 1.8432e+06 
9.53674e-07 1 7423 23040 
9.53674e-07 1 6144 23040 
5.00679e-06 1 55551 1.10592e+06 
3.8147e-06 1 87040 1.8432e+06 
9.53674e-07 1 7423 23040 
1.90735e-06 1 6144 23040 
4.05312e-06 1 55551 1.10592e+06 
4.05312e-06 1 87040 1.8432e+06 
2.14577e-06 1 7423 23040 
9.53674e-07 1 6144 23040 
1.19209e-06 1 8728 24804 
1.90735e-06 1 7448 24804 
1.90735e-06 1 8728 24804 
9.53674e-07 1 7448 24804 
1.90735e-06 1 8728 24804 
1.90735e-06 1 7448 24804 
1.19209e-06 1 8728 24804 
1.90735e-06 1 7448 24804 
2.14577e-06 1 8728 24804 
9.53674e-07 1 7448 24804 
5.96046e-06 1 62480 1.305e+06 
8.10623e-06 1 101752 2.2707e+06 
1.90735e-06 1 8776 26100 
1.19209e-06 1 7496 26100 
7.86781e-06 1 62480 1.305e+06 
7.86781e-06 1 101752 2.2707e+06 
1.19209e-06 1 8776 26100 
1.90735e-06 1 7496 26100 
5.96046e-06 1 62480 1.305e+06 
8.10623e-06 1 101752 2.2707e+06 
1.19209e-06 1 8776 26100 
2.14577e-06 1 7496 26100 
1.00136e-05 1 62480 1.305e+06 
9.05991e-06 1 101752 2.2707e+06 
1.90735e-06 1 8776 26100 
9.53674e-07 1 7496 26100 
9.05991e-06 1 62480 1.305e+06 
9.05991e-06 1 101752 2.2707e+06 
2.14577e-06 1 8776 26100 
9.53674e-07 1 7496 26100 
1.90735e-06 1 8800 28050 
9.53674e-07 1 7520 28050 
1.90735e-06 1 8800 28050 
9.53674e-07 1 7520 28050 
9.53674e-07 1 8800 28050 
9.53674e-07 1 7520 28050 
9.53674e-07 1 8800 28050 
9.53674e-07 1 7520 28050 
9.53674e-07 1 8800 28050 
1.90735e-06 1 7520 28050 
6.91414e-06 1 65472 1.37357e+06 
5.96046e-06 1 81736 1.79054e+06 
9.53674e-07 1 8712 24528 
1.19209e-06 1 7432 24528 
5.96046e-06 1 65472 1.37357e+06 
7.15256e-06 1 81736 1.79054e+06 
1.19209e-06 1 8712 24528 
1.90735e-06 1 7432 24528 
6.19888e-06 1 65472 1.37357e+06 
5.96046e-06 1 81736 1.79054e+06 
9.53674e-07 1 8712 24528 
1.19209e-06 1 7432 24528 
5.00679e-06 1 65472 1.37357e+06 
5.96046e-06 1 81736 1.79054e+06 
1.19209e-06 1 8712 24528 
9.53674e-07 1 7432 24528 
5.96046e-06 1 65472 1.37357e+06 
5.96046e-06 1 81736 1.79054e+06 
2.14577e-06 1 8712 24528 
9.53674e-07 1 7432 24528 
1.90735e-06 1 8736 25986 
9.53674e-07 1 7456 25986 
9.53674e-07 1 8736 25986 
2.14577e-06 1 7456 25986 
1.90735e-06 1 8736 25986 
9.53674e-07 1 7456 25986 
1.90735e-06 1 8736 25986 
9.53674e-07 1 7456 25986 
1.19209e-06 1 8736 25986 
9.53674e-07 1 7456 25986 
5.96046e-06 1 71712 1.61472e+06 
6.19888e-06 1 94720 2.2272e+06 
1.90735e-06 1 8784 27840 
9.53674e-07 1 7504 27840 
5.96046e-06 1 71712 1.61472e+06 
6.19888e-06 1 94720 2.2272e+06 
1.90735e-06 1 8784 27840 
9.53674e-07 1 7504 27840 
5.96046e-06 1 71712 1.61472e+06 
5.00679e-06 1 94720 2.2272e+06 
9.53674e-07 1 8784 27840 
9.53674e-07 1 7504 27840 
5.96046e-06 1 71712 1.61472e+06 
5.00679e-06 1 94720 2.2272e+06 
2.14577e-06 1 8784 27840 
1.90735e-06 1 7504 27840 
5.96046e-06 1 71712 1.61472e+06 
5.96046e-06 1 94720 2.2272e+06 
2.14577e-06 1 8784 27840 
2.14577e-06 1 7504 27840 
1.19209e-06 1 8808 29484 
9.53674e-07 1 7528 29484 
9.53674e-07 1 8808 29484 
1.19209e-06 1 7528 29484 
1.90735e-06 1 8808 29484 
9.53674e-07 1 7528 29484 
1.19209e-06 1 8808 29484 
9.53674e-07 1 7528 29484 
9.53674e-07 1 8808 29484 
9.53674e-07 1 7528 29484 
