2.56947e-14 3.97583e-10 -1.11858e-11 
8.10623e-06 1 11564 12037.2 
5.00679e-06 1 14085 5485.71 
7.15256e-06 1 9424 63195.4 
1.09673e-05 1 11599 33600 
3.8147e-06 1 11564 12037.2 
5.00679e-06 1 14085 5485.71 
2.14577e-06 1 9424 63195.4 
3.09944e-06 1 11599 33600 
4.05312e-06 1 11564 12037.2 
5.00679e-06 1 14085 5485.71 
1.90735e-06 1 9424 63195.4 
3.09944e-06 1 11599 33600 
6.91414e-06 1 11564 12037.2 
5.00679e-06 1 14085 5485.71 
2.86102e-06 1 9424 63195.4 
3.09944e-06 1 11599 33600 
4.05312e-06 1 11564 12037.2 
5.00679e-06 1 14085 5485.71 
3.09944e-06 1 9424 63195.4 
2.86102e-06 1 11599 33600 
9.05991e-06 1 14127 25644.5 
2.90871e-05 1 35842 9817.04 
5.00679e-06 1 12062 147456 
3.09944e-06 1 11532 9216 
8.10623e-06 1 14127 25644.5 
1.50204e-05 1 35842 9817.04 
5.00679e-06 1 12062 147456 
3.09944e-06 1 15381 28224 
7.86781e-06 1 14127 25644.5 
1.38283e-05 1 35842 9817.04 
5.00679e-06 1 12062 147456 
4.05312e-06 1 15381 28224 
7.86781e-06 1 14127 25644.5 
1.38283e-05 1 35842 9817.04 
5.00679e-06 1 12062 147456 
2.86102e-06 1 15381 28224 
7.86781e-06 1 14127 25644.5 
1.50204e-05 1 35842 9817.04 
5.00679e-06 1 12062 147456 
3.8147e-06 1 15381 28224 
3.8147e-06 1 11564 12037.2 
5.00679e-06 1 14085 5485.71 
2.86102e-06 1 12448 252782 
4.05312e-06 1 11599 33600 
4.05312e-06 1 11564 12037.2 
5.00679e-06 1 14085 5485.71 
2.86102e-06 1 9424 63195.4 
4.05312e-06 1 11599 33600 
4.05312e-06 1 11564 12037.2 
5.96046e-06 1 14085 5485.71 
4.05312e-06 1 9424 63195.4 
3.09944e-06 1 11599 33600 
4.05312e-06 1 11564 12037.2 
5.00679e-06 1 14085 5485.71 
2.86102e-06 1 9424 63195.4 
3.09944e-06 1 11599 33600 
4.05312e-06 1 11564 12037.2 
5.96046e-06 1 14085 5485.71 
3.09944e-06 1 9424 63195.4 
3.09944e-06 1 11599 33600 
5.96046e-06 1 12840 17839.7 
1.19209e-05 1 23043 7212.52 
4.05312e-06 1 10704 102578 
4.05312e-06 1 12830 29808 
1.12057e-05 1 12840 17839.7 
9.77516e-06 1 23043 7212.52 
5.00679e-06 1 10704 102578 
4.05312e-06 1 12830 29808 
7.15256e-06 1 12840 17839.7 
1.00136e-05 1 23043 7212.52 
4.05312e-06 1 10704 102578 
3.09944e-06 1 12830 29808 
5.96046e-06 1 12840 17839.7 
9.05991e-06 1 23043 7212.52 
4.05312e-06 1 10704 102578 
4.05312e-06 1 12830 29808 
6.19888e-06 1 12840 17839.7 
1.00136e-05 1 23043 7212.52 
4.05312e-06 1 10704 102578 
3.09944e-06 1 12830 29808 
5.00679e-06 1 11564 12037.2 
5.00679e-06 1 14085 5485.71 
4.05312e-06 1 9424 63195.4 
3.09944e-06 1 11599 33600 
5.00679e-06 1 11564 12037.2 
5.00679e-06 1 14085 5485.71 
2.14577e-06 1 9424 63195.4 
2.86102e-06 1 11599 33600 
3.8147e-06 1 11564 12037.2 
5.96046e-06 1 14085 5485.71 
3.8147e-06 1 9424 63195.4 
3.09944e-06 1 11599 33600 
3.8147e-06 1 11564 12037.2 
5.00679e-06 1 14085 5485.71 
2.86102e-06 1 9424 63195.4 
3.09944e-06 1 11599 33600 
5.00679e-06 1 11564 12037.2 
5.96046e-06 1 14085 5485.71 
3.09944e-06 1 9424 63195.4 
3.09944e-06 1 11599 33600 
5.96046e-06 1 11553 13937.2 
6.91414e-06 1 16643 5008.7 
4.05312e-06 1 12294 320557 
4.05312e-06 1 11560 26496 
5.00679e-06 1 11553 13937.2 
7.15256e-06 1 16643 5008.7 
3.8147e-06 1 9347 80139.1 
3.09944e-06 1 11560 26496 
5.00679e-06 1 11553 13937.2 
7.15256e-06 1 16643 5008.7 
3.09944e-06 1 9347 80139.1 
2.86102e-06 1 11560 26496 
5.96046e-06 1 11553 13937.2 
6.91414e-06 1 16643 5008.7 
4.05312e-06 1 9347 80139.1 
3.09944e-06 1 11560 26496 
5.96046e-06 1 11553 13937.2 
8.10623e-06 1 16643 5008.7 
3.8147e-06 1 9347 80139.1 
2.86102e-06 1 11560 26496 
6.91414e-06 1 14116 16279.1 
8.82149e-06 1 25603 9031.68 
4.05312e-06 1 11978 101745 
2.86102e-06 1 11541 13356.5 
5.96046e-06 1 14116 16279.1 
9.05991e-06 1 25603 9031.68 
3.8147e-06 1 11978 101745 
2.86102e-06 1 14112 30052.2 
7.15256e-06 1 14116 16279.1 
9.05991e-06 1 25603 9031.68 
4.05312e-06 1 11978 101745 
3.09944e-06 1 14112 30052.2 
7.15256e-06 1 14116 16279.1 
9.05991e-06 1 25603 9031.68 
4.05312e-06 1 11978 101745 
2.86102e-06 1 14112 30052.2 
7.15256e-06 1 14116 16279.1 
9.05991e-06 1 25603 9031.68 
3.8147e-06 1 11978 101745 
4.05312e-06 1 14112 30052.2 
5.96046e-06 1 11528 4096 
7.15256e-06 1 14083 3200 
2.86102e-06 1 11836 147456 
3.09944e-06 1 11599 57600 
5.96046e-06 1 11528 4096 
5.96046e-06 1 14083 3200 
2.86102e-06 1 9118 36864 
2.86102e-06 1 11599 57600 
5.00679e-06 1 11528 4096 
6.91414e-06 1 14083 3200 
4.05312e-06 1 9118 36864 
3.09944e-06 1 11599 57600 
5.96046e-06 1 11528 4096 
6.91414e-06 1 14083 3200 
3.8147e-06 1 9118 36864 
3.09944e-06 1 11599 57600 
5.96046e-06 1 11528 4096 
5.96046e-06 1 14083 3200 
3.09944e-06 1 9118 36864 
2.19345e-05 1 11599 57600 
7.86781e-06 1 12808 5105.82 
9.05991e-06 1 19202 4365.47 
2.86102e-06 1 10410 48505.3 
4.05312e-06 1 10270 15759.4 
8.10623e-06 1 12808 5105.82 
8.10623e-06 1 19202 4365.47 
4.05312e-06 1 10410 48505.3 
3.8147e-06 1 12851 43776 
7.86781e-06 1 12808 5105.82 
9.05991e-06 1 19202 4365.47 
4.05312e-06 1 10410 48505.3 
3.8147e-06 1 12851 43776 
7.86781e-06 1 12808 5105.82 
1.00136e-05 1 19202 4365.47 
4.05312e-06 1 10410 48505.3 
3.8147e-06 1 12851 43776 
6.91414e-06 1 12808 5105.82 
8.10623e-06 1 19202 4365.47 
3.8147e-06 1 10410 48505.3 
3.09944e-06 1 12851 43776 
5.00679e-06 1 11564 12037.2 
5.00679e-06 1 14085 5485.71 
3.09944e-06 1 9424 63195.4 
1.90735e-06 1 11599 33600 
4.05312e-06 1 11564 12037.2 
5.00679e-06 1 14085 5485.71 
3.09944e-06 1 9424 63195.4 
3.09944e-06 1 11599 33600 
4.05312e-06 1 11564 12037.2 
5.00679e-06 1 14085 5485.71 
3.09944e-06 1 9424 63195.4 
1.90735e-06 1 11599 33600 
4.05312e-06 1 11564 12037.2 
5.00679e-06 1 14085 5485.71 
3.09944e-06 1 9424 63195.4 
3.09944e-06 1 11599 33600 
5.00679e-06 1 11564 12037.2 
5.00679e-06 1 14085 5485.71 
2.86102e-06 1 9424 63195.4 
3.09944e-06 1 11599 33600 
5.00679e-06 1 11553 11986 
5.96046e-06 1 16644 5008.7 
3.8147e-06 1 9347 68919.7 
1.90735e-06 1 11575 30809.3 
5.96046e-06 1 11553 11986 
5.00679e-06 1 16644 5008.7 
3.09944e-06 1 9347 68919.7 
3.09944e-06 1 11575 30809.3 
5.00679e-06 1 11553 11986 
5.00679e-06 1 16644 5008.7 
3.09944e-06 1 9347 68919.7 
3.09944e-06 1 11575 30809.3 
5.00679e-06 1 11553 11986 
5.96046e-06 1 16644 5008.7 
3.09944e-06 1 9347 68919.7 
2.86102e-06 1 11575 30809.3 
5.00679e-06 1 11553 11986 
5.96046e-06 1 16644 5008.7 
3.09944e-06 1 9347 68919.7 
3.09944e-06 1 11575 30809.3 
5.00679e-06 1 11546 12032.4 
8.10623e-06 1 17923 4608 
2.86102e-06 1 9287 75202.6 
3.09944e-06 1 11559 28235.3 
5.00679e-06 1 11546 12032.4 
8.10623e-06 1 17923 4608 
3.8147e-06 1 9287 75202.6 
2.86102e-06 1 11559 28235.3 
5.96046e-06 1 11546 12032.4 
8.10623e-06 1 17923 4608 
4.05312e-06 1 9287 75202.6 
3.09944e-06 1 11559 28235.3 
5.96046e-06 1 11546 12032.4 
7.86781e-06 1 17923 4608 
2.86102e-06 1 9287 75202.6 
3.8147e-06 1 11559 28235.3 
5.96046e-06 1 11546 12032.4 
7.15256e-06 1 17923 4608 
3.09944e-06 1 9287 75202.6 
3.09944e-06 1 11559 28235.3 
5.96046e-06 1 12816 5523.85 
5.96046e-06 1 15364 5351.23 
2.86102e-06 1 13311 171239 
2.86102e-06 1 12898 49600 
5.00679e-06 1 12816 5523.85 
5.96046e-06 1 15364 5351.23 
2.86102e-06 1 10495 42809.8 
4.05312e-06 1 12898 49600 
5.00679e-06 1 12816 5523.85 
6.19888e-06 1 15364 5351.23 
2.86102e-06 1 10495 42809.8 
4.05312e-06 1 12898 49600 
5.96046e-06 1 12816 5523.85 
5.00679e-06 1 15364 5351.23 
3.09944e-06 1 10495 42809.8 
2.86102e-06 1 12898 49600 
5.00679e-06 1 12816 5523.85 
5.00679e-06 1 15364 5351.23 
4.05312e-06 1 10495 42809.8 
2.86102e-06 1 12898 49600 
5.96046e-06 1 11531 5822.41 
6.91414e-06 1 16643 3490.91 
3.09944e-06 1 9148 48034.9 
3.09944e-06 1 11575 44204.7 
5.96046e-06 1 11531 5822.41 
6.91414e-06 1 16643 3490.91 
3.09944e-06 1 9148 48034.9 
3.8147e-06 1 11575 44204.7 
2.5034e-05 1 11531 5822.41 
5.96046e-06 1 16643 3490.91 
4.05312e-06 1 9148 48034.9 
2.86102e-06 1 11575 44204.7 
5.96046e-06 1 11531 5822.41 
5.96046e-06 1 16643 3490.91 
2.86102e-06 1 9148 48034.9 
4.05312e-06 1 11575 44204.7 
5.96046e-06 1 11531 5822.41 
7.15256e-06 1 16643 3490.91 
2.86102e-06 1 9148 48034.9 
4.05312e-06 1 11575 44204.7 
7.15256e-06 1 12811 6138.98 
9.05991e-06 1 19203 4739.66 
4.05312e-06 1 10440 53716.1 
3.8147e-06 1 12849 39529.4 
6.91414e-06 1 12811 6138.98 
8.10623e-06 1 19203 4739.66 
3.09944e-06 1 10440 53716.1 
3.09944e-06 1 12849 39529.4 
5.96046e-06 1 12811 6138.98 
8.10623e-06 1 19203 4739.66 
4.05312e-06 1 10440 53716.1 
4.05312e-06 1 12849 39529.4 
6.91414e-06 1 12811 6138.98 
8.10623e-06 1 19203 4739.66 
3.09944e-06 1 10440 53716.1 
3.09944e-06 1 12849 39529.4 
7.15256e-06 1 12811 6138.98 
8.10623e-06 1 19203 4739.66 
4.05312e-06 1 10440 53716.1 
2.86102e-06 1 12849 39529.4 
7.15256e-06 1 12806 2870.97 
6.19888e-06 1 15363 3857.86 
3.8147e-06 1 13065 123452 
3.09944e-06 1 12897 68800 
5.96046e-06 1 12806 2870.97 
5.96046e-06 1 15363 3857.86 
3.09944e-06 1 10372 30862.9 
4.05312e-06 1 12897 68800 
7.15256e-06 1 12806 2870.97 
5.96046e-06 1 15363 3857.86 
3.09944e-06 1 10372 30862.9 
4.05312e-06 1 12897 68800 
7.15256e-06 1 12806 2870.97 
7.15256e-06 1 15363 3857.86 
2.86102e-06 1 10372 30862.9 
4.05312e-06 1 12897 68800 
7.15256e-06 1 12806 2870.97 
5.96046e-06 1 15363 3857.86 
3.09944e-06 1 10372 30862.9 
4.05312e-06 1 12897 68800 
7.15256e-06 1 14086 4892.44 
6.91414e-06 1 17922 3686.4 
3.09944e-06 1 10361 35225.6 
2.86102e-06 1 12869 60279.1 
7.15256e-06 1 14086 4892.44 
6.91414e-06 1 17922 3686.4 
4.05312e-06 1 10361 35225.6 
4.05312e-06 1 14163 86801.9 
6.91414e-06 1 14086 4892.44 
6.91414e-06 1 17922 3686.4 
3.09944e-06 1 10361 35225.6 
4.05312e-06 1 14163 86801.9 
7.15256e-06 1 14086 4892.44 
6.91414e-06 1 17922 3686.4 
4.05312e-06 1 10361 35225.6 
4.05312e-06 1 14163 86801.9 
8.10623e-06 1 14086 4892.44 
6.91414e-06 1 17922 3686.4 
4.05312e-06 1 10361 35225.6 
4.05312e-06 1 14163 86801.9 
8.10623e-06 1 12804 3404.37 
1.00136e-05 1 17922 3529.53 
2.86102e-06 1 10351 40001.4 
3.8147e-06 1 12849 53082.4 
7.86781e-06 1 12804 3404.37 
1.00136e-05 1 17922 3529.53 
4.05312e-06 1 10351 40001.4 
4.05312e-06 1 14139 76438.6 
8.10623e-06 1 12804 3404.37 
1.00136e-05 1 17922 3529.53 
4.05312e-06 1 10351 40001.4 
3.8147e-06 1 14139 76438.6 
8.10623e-06 1 12804 3404.37 
9.05991e-06 1 17922 3529.53 
3.8147e-06 1 10351 40001.4 
4.05312e-06 1 14139 76438.6 
9.05991e-06 1 12804 3404.37 
1.00136e-05 1 17922 3529.53 
3.8147e-06 1 10351 40001.4 
3.09944e-06 1 14139 76438.6 
7.86781e-06 1 12802 1633.86 
8.10623e-06 1 15362 2910.32 
3.09944e-06 1 10315 23282.5 
3.09944e-06 1 10298 32832 
7.15256e-06 1 12802 1633.86 
8.10623e-06 1 15362 2910.32 
2.86102e-06 1 10315 23282.5 
4.05312e-06 1 12898 91200 
8.10623e-06 1 12802 1633.86 
7.86781e-06 1 15362 2910.32 
3.09944e-06 1 10315 23282.5 
2.86102e-06 1 12898 91200 
6.91414e-06 1 12802 1633.86 
7.86781e-06 1 15362 2910.32 
3.09944e-06 1 10315 23282.5 
4.05312e-06 1 12898 91200 
6.91414e-06 1 12802 1633.86 
6.91414e-06 1 15362 2910.32 
2.86102e-06 1 10315 23282.5 
2.86102e-06 1 12898 91200 
9.05991e-06 1 12801 1821.49 
1.00136e-05 1 17921 2811.66 
4.05312e-06 1 10309 26867 
3.8147e-06 1 12869 79032.6 
1.00136e-05 1 12801 1821.49 
1.00136e-05 1 17921 2811.66 
3.8147e-06 1 10309 26867 
4.05312e-06 1 14163 113807 
9.05991e-06 1 12801 1821.49 
9.77516e-06 1 17921 2811.66 
4.05312e-06 1 10309 26867 
4.05312e-06 1 14163 113807 
9.05991e-06 1 12801 1821.49 
9.05991e-06 1 17921 2811.66 
4.05312e-06 1 10309 26867 
4.05312e-06 1 14163 113807 
8.82149e-06 1 12801 1821.49 
1.00136e-05 1 17921 2811.66 
3.8147e-06 1 10309 26867 
4.05312e-06 1 14163 113807 
5.00679e-06 1 11564 12037.2 
3.8147e-06 1 14085 5485.71 
3.09944e-06 1 9424 63195.4 
2.86102e-06 1 11599 33600 
5.00679e-06 1 11564 12037.2 
5.00679e-06 1 14085 5485.71 
2.86102e-06 1 9424 63195.4 
3.09944e-06 1 11599 33600 
4.05312e-06 1 11564 12037.2 
4.05312e-06 1 14085 5485.71 
3.09944e-06 1 9424 63195.4 
3.09944e-06 1 11599 33600 
4.05312e-06 1 11564 12037.2 
3.8147e-06 1 14085 5485.71 
2.86102e-06 1 9424 63195.4 
3.09944e-06 1 11599 33600 
3.8147e-06 1 11564 12037.2 
4.05312e-06 1 14085 5485.71 
2.86102e-06 1 9424 63195.4 
1.90735e-06 1 11599 33600 
5.00679e-06 1 11553 11010.4 
5.00679e-06 1 14084 5008.7 
2.86102e-06 1 12294 253240 
3.09944e-06 1 8998 12074.1 
5.00679e-06 1 11553 11010.4 
5.96046e-06 1 14084 5008.7 
2.86102e-06 1 9347 63309.9 
3.09944e-06 1 11584 33539.2 
5.00679e-06 1 11553 11010.4 
5.96046e-06 1 14084 5008.7 
3.09944e-06 1 9347 63309.9 
3.09944e-06 1 11584 33539.2 
4.05312e-06 1 11553 11010.4 
5.00679e-06 1 14084 5008.7 
3.09944e-06 1 9347 63309.9 
2.86102e-06 1 11584 33539.2 
4.05312e-06 1 11553 11010.4 
5.00679e-06 1 14084 5008.7 
3.09944e-06 1 9347 63309.9 
2.14577e-06 1 11584 33539.2 
5.00679e-06 1 11546 10145 
6.91414e-06 1 16644 4608 
3.09944e-06 1 9287 63406.1 
2.14577e-06 1 8993 12055.8 
5.00679e-06 1 11546 10145 
6.19888e-06 1 16644 4608 
2.86102e-06 1 9287 63406.1 
2.86102e-06 1 11575 33488.4 
5.00679e-06 1 11546 10145 
5.96046e-06 1 16644 4608 
2.86102e-06 1 9287 63406.1 
2.86102e-06 1 11575 33488.4 
5.00679e-06 1 11546 10145 
5.96046e-06 1 16644 4608 
2.86102e-06 1 9287 63406.1 
2.86102e-06 1 11575 33488.4 
5.00679e-06 1 11546 10145 
6.19888e-06 1 16644 4608 
3.09944e-06 1 9287 63406.1 
3.09944e-06 1 11575 33488.4 
5.00679e-06 1 11534 6312.03 
5.96046e-06 1 14083 3972.41 
3.09944e-06 1 9202 45762.2 
3.09944e-06 1 9006 16704 
5.00679e-06 1 11534 6312.03 
5.96046e-06 1 14083 3972.41 
3.09944e-06 1 9202 45762.2 
3.09944e-06 1 11599 46400 
5.00679e-06 1 11534 6312.03 
5.96046e-06 1 14083 3972.41 
4.05312e-06 1 9202 45762.2 
3.09944e-06 1 11599 46400 
5.00679e-06 1 11534 6312.03 
5.00679e-06 1 14083 3972.41 
3.09944e-06 1 9202 45762.2 
2.86102e-06 1 11599 46400 
5.00679e-06 1 11534 6312.03 
5.00679e-06 1 14083 3972.41 
3.09944e-06 1 9202 45762.2 
3.09944e-06 1 11599 46400 
6.19888e-06 1 11533 6060.89 
6.19888e-06 1 14083 3716.13 
3.09944e-06 1 9173 46971.9 
3.09944e-06 1 11585 45205.1 
5.00679e-06 1 11533 6060.89 
5.96046e-06 1 14083 3716.13 
4.05312e-06 1 9173 46971.9 
2.86102e-06 1 11585 45205.1 
5.00679e-06 1 11533 6060.89 
5.96046e-06 1 14083 3716.13 
3.09944e-06 1 9173 46971.9 
3.09944e-06 1 11585 45205.1 
5.00679e-06 1 11533 6060.89 
5.96046e-06 1 14083 3716.13 
2.86102e-06 1 9173 46971.9 
3.09944e-06 1 11585 45205.1 
5.96046e-06 1 11533 6060.89 
6.19888e-06 1 14083 3716.13 
3.09944e-06 1 9173 46971.9 
3.09944e-06 1 11585 45205.1 
6.19888e-06 1 11531 5822.41 
5.96046e-06 1 14082 3490.91 
2.86102e-06 1 11896 192140 
2.86102e-06 1 11575 44204.7 
5.00679e-06 1 11531 5822.41 
6.91414e-06 1 14082 3490.91 
4.05312e-06 1 9148 48034.9 
2.86102e-06 1 11575 44204.7 
5.96046e-06 1 11531 5822.41 
5.96046e-06 1 14082 3490.91 
4.05312e-06 1 9148 48034.9 
2.86102e-06 1 11575 44204.7 
5.00679e-06 1 11531 5822.41 
5.96046e-06 1 14082 3490.91 
2.86102e-06 1 9148 48034.9 
4.05312e-06 1 11575 44204.7 
5.00679e-06 1 11531 5822.41 
5.96046e-06 1 14082 3490.91 
4.05312e-06 1 9148 48034.9 
3.09944e-06 1 11575 44204.7 
6.19888e-06 1 11527 3676.19 
6.91414e-06 1 14083 3031.58 
4.05312e-06 1 11803 139695 
2.86102e-06 1 11599 60800 
5.96046e-06 1 11527 3676.19 
5.96046e-06 1 14083 3031.58 
3.09944e-06 1 9101 34923.8 
3.09944e-06 1 11599 60800 
5.96046e-06 1 11527 3676.19 
6.91414e-06 1 14083 3031.58 
2.86102e-06 1 9101 34923.8 
2.86102e-06 1 11599 60800 
5.96046e-06 1 11527 3676.19 
6.91414e-06 1 14083 3031.58 
4.05312e-06 1 9101 34923.8 
3.09944e-06 1 11599 60800 
5.00679e-06 1 11527 3676.19 
5.96046e-06 1 14083 3031.58 
3.09944e-06 1 9101 34923.8 
2.86102e-06 1 11599 60800 
6.91414e-06 1 12807 3640.32 
6.91414e-06 1 17923 4147.2 
2.86102e-06 1 13107 145613 
2.86102e-06 1 12882 58329.1 
7.15256e-06 1 12807 3640.32 
8.10623e-06 1 17923 4147.2 
4.05312e-06 1 10393 36403.2 
4.05312e-06 1 12882 58329.1 
6.91414e-06 1 12807 3640.32 
6.91414e-06 1 17923 4147.2 
3.8147e-06 1 10393 36403.2 
4.05312e-06 1 12882 58329.1 
6.91414e-06 1 12807 3640.32 
7.15256e-06 1 17923 4147.2 
3.09944e-06 1 10393 36403.2 
2.86102e-06 1 12882 58329.1 
5.96046e-06 1 12807 3640.32 
5.96046e-06 1 17923 4147.2 
3.09944e-06 1 10393 36403.2 
3.8147e-06 1 12882 58329.1 
7.15256e-06 1 11525 3594.45 
8.10623e-06 1 16642 2742.86 
4.05312e-06 1 11752 150967 
2.86102e-06 1 11575 56260.5 
5.96046e-06 1 11525 3594.45 
7.86781e-06 1 16642 2742.86 
4.05312e-06 1 9076 37741.7 
2.86102e-06 1 11575 56260.5 
5.96046e-06 1 11525 3594.45 
8.10623e-06 1 16642 2742.86 
3.09944e-06 1 9076 37741.7 
4.05312e-06 1 11575 56260.5 
6.91414e-06 1 11525 3594.45 
8.10623e-06 1 16642 2742.86 
3.09944e-06 1 9076 37741.7 
3.09944e-06 1 11575 56260.5 
6.91414e-06 1 11525 3594.45 
7.86781e-06 1 16642 2742.86 
2.86102e-06 1 9076 37741.7 
2.86102e-06 1 11575 56260.5 
6.91414e-06 1 12803 2403.09 
6.91414e-06 1 17923 3529.53 
2.86102e-06 1 10350 28236.3 
3.09944e-06 1 10298 27072 
7.15256e-06 1 12803 2403.09 
7.15256e-06 1 17923 3529.53 
2.86102e-06 1 10350 28236.3 
4.05312e-06 1 12898 75200 
6.91414e-06 1 12803 2403.09 
6.91414e-06 1 17923 3529.53 
3.09944e-06 1 10350 28236.3 
4.05312e-06 1 12898 75200 
6.19888e-06 1 12803 2403.09 
6.91414e-06 1 17923 3529.53 
3.8147e-06 1 10350 28236.3 
3.8147e-06 1 12898 75200 
5.96046e-06 1 12803 2403.09 
6.91414e-06 1 17923 3529.53 
4.05312e-06 1 10350 28236.3 
3.09944e-06 1 12898 75200 
7.15256e-06 1 12804 2425.87 
7.86781e-06 1 17923 3385.47 
4.05312e-06 1 13003 118868 
3.09944e-06 1 12882 71453.2 
7.15256e-06 1 12804 2425.87 
9.05991e-06 1 17923 3385.47 
4.05312e-06 1 10341 29716.9 
4.05312e-06 1 12882 71453.2 
7.15256e-06 1 12804 2425.87 
7.86781e-06 1 17923 3385.47 
4.05312e-06 1 10341 29716.9 
4.05312e-06 1 12882 71453.2 
6.91414e-06 1 12804 2425.87 
8.10623e-06 1 17923 3385.47 
4.05312e-06 1 10341 29716.9 
3.09944e-06 1 12882 71453.2 
7.15256e-06 1 12804 2425.87 
8.10623e-06 1 17923 3385.47 
3.09944e-06 1 10341 29716.9 
3.09944e-06 1 12882 71453.2 
9.05991e-06 1 12803 2437.76 
9.05991e-06 1 17922 3252.71 
3.09944e-06 1 10334 31081.4 
4.05312e-06 1 12869 68316.3 
7.86781e-06 1 12803 2437.76 
8.10623e-06 1 17922 3252.71 
2.86102e-06 1 10334 31081.4 
4.05312e-06 1 14163 98375.4 
8.82149e-06 1 12803 2437.76 
7.86781e-06 1 17922 3252.71 
4.05312e-06 1 10334 31081.4 
3.09944e-06 1 14163 98375.4 
8.82149e-06 1 12803 2437.76 
8.82149e-06 1 17922 3252.71 
3.09944e-06 1 10334 31081.4 
4.05312e-06 1 14163 98375.4 
8.82149e-06 1 12803 2437.76 
9.05991e-06 1 17922 3252.71 
3.09944e-06 1 10334 31081.4 
3.09944e-06 1 14163 98375.4 
7.86781e-06 1 12802 1633.86 
7.86781e-06 1 15362 2910.32 
3.8147e-06 1 12951 93130.1 
3.09944e-06 1 12898 91200 
7.86781e-06 1 12802 1633.86 
8.10623e-06 1 15362 2910.32 
2.86102e-06 1 10315 23282.5 
5.00679e-06 1 14197 131328 
6.91414e-06 1 12802 1633.86 
8.10623e-06 1 15362 2910.32 
2.86102e-06 1 10315 23282.5 
3.8147e-06 1 14197 131328 
7.86781e-06 1 12802 1633.86 
8.10623e-06 1 15362 2910.32 
3.09944e-06 1 10315 23282.5 
4.05312e-06 1 14197 131328 
8.10623e-06 1 12802 1633.86 
8.10623e-06 1 15362 2910.32 
2.86102e-06 1 10315 23282.5 
4.05312e-06 1 14197 131328 
8.10623e-06 1 14082 2614.42 
9.05991e-06 1 15362 2811.66 
2.86102e-06 1 12941 98720.5 
2.86102e-06 1 12882 86035.4 
8.10623e-06 1 14082 2614.42 
9.05991e-06 1 15362 2811.66 
3.8147e-06 1 10310 24680.1 
4.05312e-06 1 12882 86035.4 
8.10623e-06 1 14082 2614.42 
8.82149e-06 1 15362 2811.66 
2.86102e-06 1 10310 24680.1 
4.05312e-06 1 12882 86035.4 
7.86781e-06 1 14082 2614.42 
7.86781e-06 1 15362 2811.66 
3.8147e-06 1 10310 24680.1 
4.05312e-06 1 12882 86035.4 
8.82149e-06 1 14082 2614.42 
9.05991e-06 1 15362 2811.66 
3.09944e-06 1 10310 24680.1 
4.05312e-06 1 12882 86035.4 
