1.45493e-15 7.74438e-11 1.25438e-12 
1.90735e-06 1 20143 28964.6 
9.53674e-07 1 9575 101376 
1.90735e-06 1 20143 28964.6 
9.53674e-07 1 12135 405504 
2.14577e-06 1 21423 28964.6 
1.69277e-05 1 10855 101376 
2.86102e-06 1 23983 28964.6 
9.53674e-07 1 13415 101376 
3.09944e-06 1 29103 28964.6 
9.53674e-07 1 21095 405504 
2.14577e-06 1 38272 54432 
1.90735e-06 1 13032 217728 
1.90735e-06 1 38272 54432 
1.90735e-06 1 15592 870912 
1.90735e-06 1 42112 54432 
2.14577e-06 1 16872 217728 
5.00679e-06 1 49792 54432 
3.09944e-06 1 27112 870912 
7.86781e-06 1 66432 85050 
4.05312e-06 1 42472 870912 
1.90735e-06 1 20143 28964.6 
1.19209e-06 1 9575 101376 
1.90735e-06 1 20143 28964.6 
9.53674e-07 1 9575 101376 
3.09944e-06 1 21423 28964.6 
1.19209e-06 1 10855 101376 
3.09944e-06 1 23983 28964.6 
1.90735e-06 1 15975 405504 
2.86102e-06 1 27822 28964.6 
1.90735e-06 1 19814 405504 
9.53674e-07 1 29824 38304 
9.53674e-07 1 13864 612864 
1.90735e-06 1 31104 38304 
2.14577e-06 1 15144 612864 
3.09944e-06 1 33664 38304 
2.14577e-06 1 15144 153216 
3.09944e-06 1 38784 38304 
1.90735e-06 1 20264 153216 
5.00679e-06 1 47743 59850 
1.90735e-06 1 30503 612864 
9.53674e-07 1 20143 28964.6 
9.53674e-07 1 9575 101376 
2.14577e-06 1 20143 28964.6 
9.53674e-07 1 12135 405504 
9.53674e-07 1 21423 28964.6 
9.53674e-07 1 13415 405504 
2.14577e-06 1 23983 28964.6 
9.53674e-07 1 13415 101376 
4.05312e-06 1 30384 45257.1 
1.90735e-06 1 21095 405504 
2.14577e-06 1 24960 30240 
1.19209e-06 1 9800 120960 
9.53674e-07 1 24960 30240 
9.53674e-07 1 9800 120960 
2.14577e-06 1 28800 30240 
2.14577e-06 1 16200 483840 
2.86102e-06 1 32640 30240 
1.90735e-06 1 20040 483840 
5.00679e-06 1 39039 47250 
3.09944e-06 1 25159 483840 
2.14577e-06 1 33392 32540.4 
1.90735e-06 1 11384 146432 
1.90735e-06 1 34672 32540.4 
2.14577e-06 1 15224 585728 
2.86102e-06 1 38512 32540.4 
9.53674e-07 1 16504 146432 
3.09944e-06 1 44912 32540.4 
1.90735e-06 1 25464 585728 
6.19888e-06 1 57712 50844.4 
2.86102e-06 1 36984 585728 
2.14577e-06 1 29382 6750.36 
1.19209e-06 1 12135 195761 
1.90735e-06 1 30662 6750.36 
9.53674e-07 1 13415 195761 
1.90735e-06 1 34503 10547.4 
2.14577e-06 1 13415 48940.1 
4.05312e-06 1 40904 20673 
1.90735e-06 1 19816 195761 
5.00679e-06 1 57544 42189.8 
1.90735e-06 1 32616 195761 
1.90735e-06 1 38840 8055.61 
1.90735e-06 1 11080 62431 
1.90735e-06 1 38840 8055.61 
9.53674e-07 1 11080 62431 
2.86102e-06 1 43960 12586.9 
1.90735e-06 1 17480 249724 
4.05312e-06 1 54200 24670.3 
1.90735e-06 1 25160 249724 
6.91414e-06 1 74680 60920.5 
2.86102e-06 1 40520 249724 
1.19209e-06 1 20143 28964.6 
2.14577e-06 1 12135 405504 
9.53674e-07 1 20143 28964.6 
1.19209e-06 1 9575 101376 
1.90735e-06 1 21423 28964.6 
9.53674e-07 1 13415 405504 
1.90735e-06 1 23983 28964.6 
9.53674e-07 1 15975 405504 
4.05312e-06 1 29103 28964.6 
2.14577e-06 1 21095 405504 
1.90735e-06 1 23168 26208 
1.90735e-06 1 9688 104832 
1.90735e-06 1 24448 26208 
9.53674e-07 1 10968 104832 
9.53674e-07 1 24448 26208 
1.19209e-06 1 13528 419328 
2.86102e-06 1 28288 26208 
2.14577e-06 1 14808 104832 
4.05312e-06 1 37248 40950 
1.90735e-06 1 25048 419328 
1.90735e-06 1 26928 24348.4 
9.53674e-07 1 9816 109568 
9.53674e-07 1 28208 24348.4 
2.14577e-06 1 11096 109568 
3.09944e-06 1 30767 24348.4 
9.53674e-07 1 13655 109568 
3.8147e-06 1 35888 24348.4 
2.14577e-06 1 21336 438272 
5.00679e-06 1 44848 38044.4 
1.90735e-06 1 26456 109568 
1.90735e-06 1 26304 9856 
2.14577e-06 1 12136 236544 
2.14577e-06 1 27584 9856 
9.53674e-07 1 10856 59136 
1.90735e-06 1 30144 9856 
1.90735e-06 1 13416 59136 
2.86102e-06 1 35264 15400 
1.90735e-06 1 19816 236544 
4.05312e-06 1 46784 30184 
1.90735e-06 1 28776 236544 
1.90735e-06 1 30448 9924.92 
2.14577e-06 1 12248 258048 
3.09944e-06 1 31728 9924.92 
2.14577e-06 1 10968 64512 
2.86102e-06 1 34287 9924.92 
1.90735e-06 1 16087 258048 
4.05312e-06 1 43247 15507.7 
2.14577e-06 1 23768 258048 
5.96046e-06 1 58608 39699.7 
1.90735e-06 1 35288 258048 
2.14577e-06 1 36767 10062.4 
2.14577e-06 1 11095 70436.6 
1.90735e-06 1 39327 10062.4 
9.53674e-07 1 13655 70436.6 
2.14577e-06 1 40607 10062.4 
2.14577e-06 1 17495 281746 
3.8147e-06 1 49568 15722.4 
1.90735e-06 1 22615 70436.6 
7.15256e-06 1 71328 62889.8 
3.09944e-06 1 40535 281746 
2.14577e-06 1 33695 4380.44 
9.53674e-07 1 12135 157696 
1.19209e-06 1 34976 4380.44 
9.53674e-07 1 13416 157696 
2.86102e-06 1 40096 6844.44 
9.53674e-07 1 14696 39424 
4.05312e-06 1 51616 17521.8 
1.90735e-06 1 24936 157696 
7.15256e-06 1 69535 33127.1 
3.09944e-06 1 39016 157696 
1.90735e-06 1 39183 4646.29 
1.90735e-06 1 9687 44139.8 
1.90735e-06 1 40464 4646.29 
1.90735e-06 1 10968 44139.8 
2.86102e-06 1 48144 7259.83 
9.53674e-07 1 19928 176559 
3.8147e-06 1 59664 18585.2 
2.14577e-06 1 27608 176559 
9.05991e-06 1 86544 56917.1 
3.09944e-06 1 46808 176559 
1.90735e-06 1 47039 4930.56 
2.14577e-06 1 13655 197222 
1.90735e-06 1 49600 4930.56 
1.90735e-06 1 16216 197222 
3.09944e-06 1 58559 15099.8 
1.90735e-06 1 21335 197222 
4.76837e-06 1 72640 30816 
2.14577e-06 1 31576 197222 
1.09673e-05 1 100800 78889 
3.09944e-06 1 52056 197222 
1.90735e-06 1 43600 3548.16 
1.90735e-06 1 12136 113541 
3.09944e-06 1 47440 3548.16 
1.90735e-06 1 15976 113541 
3.09944e-06 1 56400 9083.29 
1.90735e-06 1 21096 113541 
5.00679e-06 1 70480 23985.6 
1.90735e-06 1 28776 113541 
1.00136e-05 1 101200 68692.4 
3.09944e-06 1 47976 113541 
2.14577e-06 1 50656 2481.23 
1.90735e-06 1 13528 129024 
1.90735e-06 1 54494 3876.92 
1.90735e-06 1 13527 32256 
4.05312e-06 1 66016 9924.92 
2.14577e-06 1 23768 129024 
5.00679e-06 1 80096 26208 
2.86102e-06 1 31448 129024 
1.19209e-05 1 115936 75057.2 
4.05312e-06 1 55768 129024 
1.90735e-06 1 20143 28964.6 
1.19209e-06 1 9575 101376 
2.14577e-06 1 20143 28964.6 
9.53674e-07 1 9575 101376 
1.90735e-06 1 21423 28964.6 
1.19209e-06 1 13415 405504 
2.14577e-06 1 23983 28964.6 
2.14577e-06 1 15975 405504 
3.09944e-06 1 30384 45257.1 
3.09944e-06 1 21095 405504 
2.14577e-06 1 22272 24192 
1.90735e-06 1 12192 387072 
1.19209e-06 1 22272 24192 
9.53674e-07 1 9632 96768 
1.90735e-06 1 23551 24192 
1.19209e-06 1 10911 96768 
3.09944e-06 1 27392 24192 
1.90735e-06 1 14752 96768 
4.05312e-06 1 35072 37800 
2.14577e-06 1 21152 96768 
1.90735e-06 1 24624 20707.6 
9.53674e-07 1 12248 372736 
2.14577e-06 1 25904 20707.6 
2.14577e-06 1 13528 372736 
1.90735e-06 1 28464 20707.6 
1.90735e-06 1 13528 93184 
2.14577e-06 1 29744 20707.6 
9.53674e-07 1 17368 372736 
4.05312e-06 1 38704 32355.6 
3.09944e-06 1 25048 372736 
1.90735e-06 1 25071 11729.5 
1.19209e-06 1 9575 64512 
2.14577e-06 1 26352 11729.5 
9.53674e-07 1 10856 64512 
2.14577e-06 1 28912 11729.5 
2.14577e-06 1 15976 258048 
3.09944e-06 1 31472 18327.3 
1.90735e-06 1 17256 258048 
4.05312e-06 1 44272 35921.5 
1.90735e-06 1 27496 258048 
9.53674e-07 1 25088 2688 
9.53674e-07 1 12192 258048 
1.90735e-06 1 28928 10752 
1.90735e-06 1 10912 64512 
2.14577e-06 1 31488 10752 
9.53674e-07 1 16032 258048 
4.05312e-06 1 37888 16800 
1.90735e-06 1 21152 258048 
5.00679e-06 1 50688 32928 
1.90735e-06 1 31392 258048 
1.19209e-06 1 30448 9924.92 
9.53674e-07 1 12248 258048 
1.90735e-06 1 31728 9924.92 
1.90735e-06 1 13528 258048 
1.90735e-06 1 34287 9924.92 
9.53674e-07 1 16087 258048 
4.05312e-06 1 43247 15507.7 
2.86102e-06 1 23768 258048 
5.96046e-06 1 58608 39699.7 
1.90735e-06 1 35288 258048 
9.53674e-07 1 31896 5907.45 
1.90735e-06 1 10856 45782.7 
1.90735e-06 1 31896 5907.45 
9.53674e-07 1 13416 183131 
3.09944e-06 1 35736 9230.39 
2.14577e-06 1 13416 45782.7 
3.09944e-06 1 40856 9230.39 
1.19209e-06 1 21096 183131 
5.96046e-06 1 62616 36921.5 
2.14577e-06 1 36456 183131 
1.90735e-06 1 33695 5687.01 
2.14577e-06 1 12191 187671 
2.14577e-06 1 34976 5687.01 
9.53674e-07 1 10912 46917.8 
1.90735e-06 1 40095 8885.95 
1.90735e-06 1 17312 187671 
4.05312e-06 1 51616 22748 
2.86102e-06 1 24992 187671 
5.96046e-06 1 65696 43008 
1.90735e-06 1 35232 187671 
1.90735e-06 1 38279 5476.94 
1.19209e-06 1 10967 47923.2 
1.90735e-06 1 38279 5476.94 
9.53674e-07 1 10967 47923.2 
3.09944e-06 1 45959 8557.71 
1.90735e-06 1 19927 191693 
4.05312e-06 1 53640 16773.1 
1.90735e-06 1 25048 191693 
8.10623e-06 1 76680 57850.1 
2.86102e-06 1 40408 191693 
2.14577e-06 1 36160 3548.16 
1.90735e-06 1 12136 141926 
2.14577e-06 1 40000 3548.16 
9.53674e-07 1 15976 141926 
3.09944e-06 1 45120 10866.2 
1.90735e-06 1 14696 35481.6 
4.05312e-06 1 56640 22176 
2.14577e-06 1 24936 141926 
8.10623e-06 1 79680 56770.6 
2.86102e-06 1 40296 141926 
1.90735e-06 1 39744 3510.86 
9.53674e-07 1 9632 36864 
2.14577e-06 1 44864 5485.71 
9.53674e-07 1 16032 147456 
3.09944e-06 1 48703 10752 
9.53674e-07 1 17311 147456 
4.05312e-06 1 62784 21942.9 
1.90735e-06 1 27552 147456 
9.05991e-06 1 89664 56173.7 
1.90735e-06 1 46752 147456 
2.14577e-06 1 43552 3465.52 
1.90735e-06 1 12248 152483 
1.90735e-06 1 48672 5414.88 
1.90735e-06 1 13528 38120.7 
4.05312e-06 1 56352 10613.2 
2.14577e-06 1 21208 152483 
5.00679e-06 1 67872 21659.5 
1.90735e-06 1 28888 152483 
1.09673e-05 1 101152 78190.8 
2.86102e-06 1 50648 152483 
9.53674e-07 1 43600 2270.82 
9.53674e-07 1 13416 113541 
1.90735e-06 1 47440 3548.16 
9.53674e-07 1 15976 113541 
2.86102e-06 1 53840 6954.39 
2.14577e-06 1 19816 113541 
5.00679e-06 1 70480 23985.6 
1.90735e-06 1 28776 113541 
1.00136e-05 1 101200 68692.4 
4.05312e-06 1 47976 113541 
1.90735e-06 1 49023 3578.7 
1.19209e-06 1 13472 119099 
2.86102e-06 1 51583 3578.7 
2.14577e-06 1 16032 119099 
3.09944e-06 1 60544 9161.47 
1.90735e-06 1 21152 119099 
5.96046e-06 1 77184 24192 
1.90735e-06 1 31392 119099 
1.19209e-05 1 111743 89467.5 
4.05312e-06 1 50591 119099 
