1.06915e-13 1.08017e-09 3.89784e-09 
0.00103998 1 67800 213750 
0.000829935 1 65400 191250 
0.000921965 1 65400 191250 
0.000771999 1 65400 191250 
0.00103307 1 65400 191250 
0.000915766 1 65400 191250 
0.000913858 1 65992 213160 
0.000838995 1 65992 213160 
0.000833988 1 65992 213160 
0.000831842 1 65992 213160 
0.000788927 1 65992 213160 
0.000550985 1 34944 95992 
2.59876e-05 1 15544 3692 
0.000543833 1 34944 95992 
2.21729e-05 1 15544 3692 
0.000461102 1 34944 95992 
2.21729e-05 1 15544 3692 
0.000459909 1 34944 95992 
2.19345e-05 1 15544 3692 
0.00050211 1 34944 95992 
2.19345e-05 1 15544 3692 
0.000464201 1 34944 95992 
2.09808e-05 1 15544 3692 
0.000228882 1 24344 46818 
1.69277e-05 1 11800 2754 
0.000141144 1 18816 30184 
1.38283e-05 1 9352 2156 
0.000171185 1 20992 37888 
1.38283e-05 1 10192 2368 
5.00679e-06 1 432 36 
1.21593e-05 1 7776 648 
0.0054431 1 342584 1.4687e+06 
0.00576687 1 336600 1.32882e+06 
0.00618792 1 336600 1.32882e+06 
0.00564003 1 336600 1.32882e+06 
0.00535107 1 336600 1.32882e+06 
0.00529289 1 336600 1.32882e+06 
0.00617719 1 338920 1.5059e+06 
0.0062542 1 338920 1.5059e+06 
0.006073 1 338920 1.5059e+06 
0.0061028 1 338920 1.5059e+06 
0.00636411 1 338920 1.5059e+06 
0.00124598 1 88256 286944 
4.79221e-05 1 42680 10248 
0.00124502 1 88256 286944 
4.79221e-05 1 42680 10248 
0.00124502 1 88256 286944 
4.79221e-05 1 42680 10248 
0.00122499 1 88256 286944 
4.48227e-05 1 42680 10248 
0.00117993 1 88256 286944 
4.50611e-05 1 42680 10248 
0.00156593 1 88256 286944 
4.91142e-05 1 42680 10248 
0.000576019 1 61560 139346 
3.40939e-05 1 31032 7334 
0.000423908 1 50432 96768 
3.09944e-05 1 25832 6048 
0.000529051 1 56160 120528 
3.40939e-05 1 28416 6696 
5.96046e-06 1 648 54 
2.00272e-05 1 17496 1458 
0.000864983 1 67800 213750 
0.000771999 1 65400 191250 
0.000751019 1 65400 191250 
0.000751019 1 65400 191250 
0.000797033 1 65400 191250 
0.000771999 1 65400 191250 
0.000841856 1 65992 213160 
0.000799179 1 65992 213160 
0.000863075 1 65992 213160 
0.00102901 1 65992 213160 
0.000944853 1 65992 213160 
0.000423908 1 34944 95992 
2.09808e-05 1 15544 3692 
0.000488043 1 34944 95992 
2.00272e-05 1 15544 3692 
0.000422001 1 34944 95992 
1.90735e-05 1 15544 3692 
0.000422001 1 34944 95992 
3.31402e-05 1 15544 3692 
0.000421047 1 34944 95992 
1.90735e-05 1 15544 3692 
0.000421047 1 34944 95992 
1.90735e-05 1 15544 3692 
0.000205994 1 24344 46818 
1.40667e-05 1 11800 2754 
0.000128984 1 18816 30184 
1.3113e-05 1 9352 2156 
0.000170946 1 20992 37888 
1.40667e-05 1 10192 2368 
5.00679e-06 1 432 36 
1.09673e-05 1 7776 648 
0.003263 1 181304 720762 
0.00252509 1 177112 652118 
0.002527 1 177112 652118 
0.0033741 1 177112 652118 
0.00271606 1 177112 652118 
0.0028739 1 177112 652118 
0.00297499 1 178536 732204 
0.00290918 1 178536 732204 
0.00272703 1 178536 732204 
0.00327802 1 178536 732204 
0.00302696 1 178536 732204 
0.000828981 1 63168 199136 
3.29018e-05 1 29688 7112 
0.000818968 1 63168 199136 
3.19481e-05 1 29688 7112 
0.000819921 1 63168 199136 
3.19481e-05 1 29688 7112 
0.00082016 1 63168 199136 
3.21865e-05 1 29688 7112 
0.000941038 1 63168 199136 
3.19481e-05 1 29688 7112 
0.00100803 1 63168 199136 
3.50475e-05 1 29688 7112 
0.000470877 1 44536 98914 
2.47955e-05 1 22072 5206 
0.000304937 1 36096 68096 
2.40803e-05 1 18216 4256 
0.000370979 1 40032 84240 
2.5034e-05 1 19904 4680 
5.96046e-06 1 576 48 
1.78814e-05 1 13824 1152 
0.000859022 1 67800 213750 
0.000823975 1 65400 191250 
0.000794888 1 65400 191250 
0.000795126 1 65400 191250 
0.000756025 1 65400 191250 
0.000755072 1 65400 191250 
0.000843048 1 65992 213160 
0.000798941 1 65992 213160 
0.000815153 1 65992 213160 
0.000844002 1 65992 213160 
0.000844002 1 65992 213160 
0.000401974 1 34944 95992 
1.90735e-05 1 15544 3692 
0.000400066 1 34944 95992 
1.90735e-05 1 15544 3692 
0.000399113 1 34944 95992 
1.90735e-05 1 15544 3692 
0.000567913 1 34944 95992 
1.78814e-05 1 15544 3692 
0.000399828 1 34944 95992 
1.81198e-05 1 15544 3692 
0.000400066 1 34944 95992 
1.78814e-05 1 15544 3692 
0.00019598 1 24344 46818 
1.50204e-05 1 11800 2754 
0.000128984 1 18816 30184 
1.19209e-05 1 9352 2156 
0.000174046 1 20992 37888 
1.50204e-05 1 10192 2368 
5.00679e-06 1 432 36 
1.19209e-05 1 7776 648 
0.00201392 1 119480 445578 
0.00156403 1 116184 403142 
0.00162888 1 116184 403142 
0.00156307 1 116184 403142 
0.00189304 1 116184 403142 
0.00160599 1 116184 403142 
0.00192904 1 117160 448844 
0.00198317 1 117160 448844 
0.00198197 1 117160 448844 
0.00203085 1 117160 448844 
0.00228095 1 117160 448844 
0.000649929 1 50624 155232 
2.69413e-05 1 23192 5544 
0.000648022 1 50624 155232 
2.59876e-05 1 23192 5544 
0.000648022 1 50624 155232 
2.59876e-05 1 23192 5544 
0.00107098 1 50624 155232 
2.81334e-05 1 23192 5544 
0.000880003 1 50624 155232 
2.81334e-05 1 23192 5544 
0.000683069 1 50624 155232 
2.69413e-05 1 23192 5544 
0.000344992 1 36024 78698 
2.09808e-05 1 17592 4142 
0.000236988 1 28928 53760 
1.81198e-05 1 14408 3360 
0.00028801 1 31968 66096 
2.00272e-05 1 15648 3672 
5.00679e-06 1 504 42 
1.38283e-05 1 10584 882 
0.00359297 1 210936 914526 
0.00393701 1 206424 835002 
0.00363493 1 206424 835002 
0.003335 1 206424 835002 
0.00323105 1 206424 835002 
0.00322604 1 206424 835002 
0.0036912 1 207944 927408 
0.00371599 1 207944 927408 
0.00422692 1 207944 927408 
0.00397992 1 207944 927408 
0.00386596 1 207944 927408 
0.00107884 1 72960 246600 
3.98159e-05 1 34216 8220 
0.00107503 1 72960 246600 
4.00543e-05 1 34216 8220 
0.00107479 1 72960 246600 
4.00543e-05 1 34216 8220 
0.00107598 1 72960 246600 
3.91006e-05 1 34216 8220 
0.00107503 1 72960 246600 
3.91006e-05 1 34216 8220 
0.00120592 1 72960 246600 
3.91006e-05 1 34216 8220 
0.000570059 1 52920 129654 
3.09944e-05 1 26040 6174 
0.000383139 1 43776 92664 
2.59876e-05 1 21880 5148 
0.000644922 1 48000 112000 
4.19617e-05 1 23680 5600 
5.00679e-06 1 576 48 
1.62125e-05 1 13824 1152 
0.00150895 1 85800 382500 
0.00142312 1 83400 360000 
0.00142503 1 83400 360000 
0.00145483 1 83400 360000 
0.00150585 1 83400 360000 
0.0015521 1 83400 360000 
0.00154495 1 83512 373030 
0.00153708 1 83512 373030 
0.00150108 1 83512 373030 
0.00139904 1 83512 373030 
0.00164199 1 83512 373030 
0.000998974 1 60024 238702 
2.7895e-05 1 24184 5822 
0.00100112 1 60024 238702 
2.81334e-05 1 24184 5822 
0.000997066 1 60024 238702 
2.81334e-05 1 24184 5822 
0.00120211 1 60024 238702 
2.81334e-05 1 24184 5822 
0.000998974 1 60024 238702 
2.81334e-05 1 24184 5822 
0.0010519 1 60024 238702 
4.29153e-05 1 24184 5822 
0.00069499 1 49664 165888 
2.5034e-05 1 21640 5184 
0.000738859 1 42456 129514 
2.38419e-05 1 18712 4466 
0.000643015 1 44392 142228 
2.81334e-05 1 19192 4588 
5.00679e-06 1 576 48 
1.50204e-05 1 13824 1152 
0.00305891 1 144200 763848 
0.00292182 1 140904 721412 
0.00308681 1 140904 721412 
0.00290298 1 140904 721412 
0.00290108 1 140904 721412 
0.00282192 1 140904 721412 
0.00336099 1 141400 754874 
0.002949 1 141400 754874 
0.00303698 1 141400 754874 
0.00294518 1 141400 754874 
0.00305891 1 141400 754874 
0.00174594 1 82904 366102 
7.39098e-05 1 35192 8514 
0.00170708 1 82904 366102 
4.19617e-05 1 35192 8514 
0.00160789 1 82904 366102 
4.1008e-05 1 35192 8514 
0.00160813 1 82904 366102 
4.1008e-05 1 35192 8514 
0.00175118 1 82904 366102 
4.22001e-05 1 35192 8514 
0.00162506 1 82904 366102 
4.07696e-05 1 35192 8514 
0.0011189 1 68544 252008 
3.48091e-05 1 30792 7412 
0.000974178 1 59768 201810 
3.09944e-05 1 27128 6510 
0.000980139 1 62568 222156 
3.31402e-05 1 28008 6732 
5.00679e-06 1 672 56 
1.88351e-05 1 18816 1568 
0.000859022 1 67800 213750 
0.000774145 1 65400 191250 
0.000752211 1 65400 191250 
0.000710964 1 65400 191250 
0.000710964 1 65400 191250 
0.00075984 1 65400 191250 
0.000941038 1 65992 213160 
0.000838041 1 65992 213160 
0.000859022 1 65992 213160 
0.000833988 1 65992 213160 
0.000790119 1 65992 213160 
0.000405788 1 34944 95992 
1.90735e-05 1 15544 3692 
0.000401974 1 34944 95992 
2.00272e-05 1 15544 3692 
0.0004251 1 34944 95992 
2.00272e-05 1 15544 3692 
0.000424862 1 34944 95992 
2.00272e-05 1 15544 3692 
0.000424862 1 34944 95992 
2.00272e-05 1 15544 3692 
0.000424147 1 34944 95992 
1.97887e-05 1 15544 3692 
0.000207901 1 24344 46818 
1.62125e-05 1 11800 2754 
0.000128984 1 18816 30184 
1.3113e-05 1 9352 2156 
0.000169992 1 20992 37888 
1.40667e-05 1 10192 2368 
5.00679e-06 1 432 36 
1.21593e-05 1 7776 648 
0.00138497 1 93272 332682 
0.00116992 1 90424 300998 
0.00118494 1 90424 300998 
0.00110793 1 90424 300998 
0.00152087 1 90424 300998 
0.00152779 1 90424 300998 
0.00133109 1 91176 333036 
0.00130296 1 91176 333036 
0.00129986 1 91176 333036 
0.0012989 1 91176 333036 
0.001302 1 91176 333036 
0.000586033 1 44352 133280 
2.40803e-05 1 19944 4760 
0.000585079 1 44352 133280 
2.40803e-05 1 19944 4760 
0.000585079 1 44352 133280 
2.5034e-05 1 19944 4760 
0.000585079 1 44352 133280 
2.47955e-05 1 19944 4760 
0.000584841 1 44352 133280 
2.40803e-05 1 19944 4760 
0.000586033 1 44352 133280 
2.40803e-05 1 19944 4760 
0.000300884 1 31768 68590 
1.88351e-05 1 15352 3610 
0.000205994 1 25344 46592 
1.69277e-05 1 12504 2912 
0.000273943 1 27936 57024 
1.78814e-05 1 13520 3168 
5.00679e-06 1 432 36 
1.19209e-05 1 7776 648 
0.00196099 1 126840 507150 
0.00203609 1 123480 463050 
0.00179696 1 123480 463050 
0.00170898 1 123480 463050 
0.00201702 1 123480 463050 
0.00197887 1 123480 463050 
0.00208497 1 124424 509232 
0.00197315 1 124424 509232 
0.00212598 1 124424 509232 
0.00206208 1 124424 509232 
0.00206995 1 124424 509232 
0.000757933 1 55680 181800 
2.88486e-05 1 25288 6060 
0.000756025 1 55680 181800 
2.88486e-05 1 25288 6060 
0.000952005 1 55680 181800 
3.09944e-05 1 25288 6060 
0.000799894 1 55680 181800 
3.09944e-05 1 25288 6060 
0.000799894 1 55680 181800 
3.00407e-05 1 25288 6060 
0.000799179 1 55680 181800 
2.98023e-05 1 25288 6060 
0.0004282 1 40824 97902 
2.38419e-05 1 19704 4662 
0.00030303 1 33408 69336 
2.09808e-05 1 16408 3852 
0.000344992 1 36480 83200 
2.09808e-05 1 17632 4160 
5.00679e-06 1 504 42 
1.50204e-05 1 10584 882 
0.00127602 1 79800 326250 
0.00118494 1 77400 303750 
0.00120091 1 77400 303750 
0.00141001 1 77400 303750 
0.00159597 1 77400 303750 
0.00137711 1 77400 303750 
0.00128889 1 77672 319740 
0.00125289 1 77672 319740 
0.00126195 1 77672 319740 
0.00149202 1 77672 319740 
0.0013361 1 77672 319740 
0.000774145 1 51264 184032 
2.47955e-05 1 21304 5112 
0.000801086 1 51264 184032 
2.47955e-05 1 21304 5112 
0.000771046 1 51264 184032 
2.5034e-05 1 21304 5112 
0.000770092 1 51264 184032 
2.5034e-05 1 21304 5112 
0.000771046 1 51264 184032 
2.47955e-05 1 21304 5112 
0.000774145 1 51264 184032 
2.5034e-05 1 21304 5112 
0.000790119 1 40824 118098 
2.28882e-05 1 18360 4374 
0.000392914 1 34176 88704 
2.00272e-05 1 15592 3696 
0.000440121 1 36192 100048 
2.09808e-05 1 16192 3848 
5.00679e-06 1 432 36 
1.19209e-05 1 7776 648 
0.00183487 1 107512 491102 
0.00170588 1 104664 459418 
0.00193 1 104664 459418 
0.00227404 1 104664 459418 
0.00247788 1 104664 459418 
0.00196505 1 104664 459418 
0.00191212 1 105096 484416 
0.00193596 1 105096 484416 
0.00212193 1 105096 484416 
0.00189781 1 105096 484416 
0.001791 1 105096 484416 
0.00103593 1 63232 245480 
3.09944e-05 1 26824 6460 
0.0015099 1 63232 245480 
3.19481e-05 1 26824 6460 
0.00117898 1 63232 245480 
8.79765e-05 1 26824 6460 
0.00118804 1 63232 245480 
3.29018e-05 1 26824 6460 
0.00108004 1 63232 245480 
3.19481e-05 1 26824 6460 
0.0010829 1 63232 245480 
3.21865e-05 1 26824 6460 
0.000705957 1 50808 159790 
2.7895e-05 1 23032 5510 
0.000540018 1 43264 123032 
2.5034e-05 1 19864 4732 
0.000602961 1 45696 137984 
2.5034e-05 1 20640 4928 
5.96046e-06 1 432 36 
1.09673e-05 1 7776 648 
0.00085783 1 67800 213750 
0.000766993 1 65400 191250 
0.000754118 1 65400 191250 
0.000766039 1 65400 191250 
0.000850201 1 65400 191250 
0.000794888 1 65400 191250 
0.000792027 1 65992 213160 
0.000792027 1 65992 213160 
0.000793934 1 65992 213160 
0.000844955 1 65992 213160 
0.000813961 1 65992 213160 
0.000423908 1 34944 95992 
2.09808e-05 1 15544 3692 
0.000433922 1 34944 95992 
2.09808e-05 1 15544 3692 
0.000433207 1 34944 95992 
2.09808e-05 1 15544 3692 
0.000432968 1 34944 95992 
2.00272e-05 1 15544 3692 
0.000432968 1 34944 95992 
2.09808e-05 1 15544 3692 
0.00054884 1 34944 95992 
2.09808e-05 1 15544 3692 
0.000254154 1 24344 46818 
1.5974e-05 1 11800 2754 
0.000139952 1 18816 30184 
1.38283e-05 1 9352 2156 
0.000163078 1 20992 37888 
1.28746e-05 1 10192 2368 
5.00679e-06 1 432 36 
1.19209e-05 1 7776 648 
0.00110888 1 81344 282408 
0.000948191 1 78720 255512 
0.00100303 1 78720 255512 
0.00116682 1 78720 255512 
0.00107694 1 78720 255512 
0.00114298 1 78720 255512 
0.00117779 1 79360 281600 
0.00110292 1 79360 281600 
0.00104618 1 79360 281600 
0.0010488 1 79360 281600 
0.00110388 1 79360 281600 
0.000540018 1 41216 122304 
2.28882e-05 1 18320 4368 
0.000537872 1 41216 122304 
2.28882e-05 1 18320 4368 
0.000538111 1 41216 122304 
2.09808e-05 1 18320 4368 
0.000510216 1 41216 122304 
2.09808e-05 1 18320 4368 
0.000509977 1 41216 122304 
3.40939e-05 1 18320 4368 
0.000513077 1 41216 122304 
2.09808e-05 1 18320 4368 
0.000265121 1 29640 63536 
1.69277e-05 1 14232 3344 
0.000191212 1 23552 43008 
1.4782e-05 1 11552 2688 
0.000234127 1 25920 52488 
1.5974e-05 1 12456 2916 
5.00679e-06 1 432 36 
1.28746e-05 1 7776 648 
0.00156593 1 96120 364366 
0.00122905 1 93272 332682 
0.00130892 1 93272 332682 
0.001616 1 93272 332682 
0.00132298 1 93272 332682 
0.0012939 1 93272 332682 
0.00158906 1 93960 363312 
0.00134301 1 93960 363312 
0.00134397 1 93960 363312 
0.00155902 1 93960 363312 
0.00159216 1 93960 363312 
0.00103092 1 48000 153000 
2.69413e-05 1 21320 5100 
0.000792027 1 48000 153000 
2.69413e-05 1 21320 5100 
0.000667095 1 48000 153000 
2.69413e-05 1 21320 5100 
0.000679016 1 48000 153000 
2.59876e-05 1 21320 5100 
0.000664949 1 48000 153000 
2.59876e-05 1 21320 5100 
0.000665903 1 48000 153000 
2.59876e-05 1 21320 5100 
0.000378132 1 35448 83790 
2.09808e-05 1 16888 3990 
0.000261784 1 28800 58968 
1.88351e-05 1 13976 3276 
0.000292063 1 31360 70400 
1.78814e-05 1 14944 3520 
5.96046e-06 1 432 36 
1.21593e-05 1 7776 648 
0.00112605 1 77400 303750 
0.00107288 1 75000 281250 
0.001122 1 75000 281250 
0.00119996 1 75000 281250 
0.00112796 1 75000 281250 
0.00120115 1 75000 281250 
0.00118303 1 75336 298424 
0.00118303 1 75336 298424 
0.00173497 1 75336 298424 
0.00118399 1 75336 298424 
0.00118399 1 75336 298424 
0.000725985 1 47872 164152 
2.59876e-05 1 20152 4828 
0.000725031 1 47872 164152 
2.5034e-05 1 20152 4828 
0.000683784 1 47872 164152 
2.38419e-05 1 20152 4828 
0.000684977 1 47872 164152 
2.31266e-05 1 20152 4828 
0.000723839 1 47872 164152 
2.28882e-05 1 20152 4828 
0.000808954 1 47872 164152 
2.5034e-05 1 20152 4828 
0.000511169 1 37400 101250 
2.09808e-05 1 17048 4050 
0.000330925 1 30976 74536 
1.90735e-05 1 14344 3388 
0.000360012 1 33024 85248 
1.88351e-05 1 14992 3552 
5.00679e-06 1 432 36 
1.21593e-05 1 7776 648 
0.00152111 1 91840 389992 
0.00139403 1 89216 363096 
0.00161099 1 89216 363096 
0.00145388 1 89216 363096 
0.00146008 1 89216 363096 
0.00145984 1 89216 363096 
0.001513 1 89600 384000 
0.00147295 1 89600 384000 
0.00152516 1 89600 384000 
0.00165701 1 89600 384000 
0.00171995 1 89600 384000 
0.000872135 1 55296 202176 
2.69413e-05 1 23376 5616 
0.000895023 1 55296 202176 
2.81334e-05 1 23376 5616 
0.000843048 1 55296 202176 
2.69413e-05 1 23376 5616 
0.000841856 1 55296 202176 
2.69413e-05 1 23376 5616 
0.000841856 1 55296 202176 
2.59876e-05 1 23376 5616 
0.000888109 1 55296 202176 
2.90871e-05 1 23376 5616 
0.000720024 1 43848 128304 
2.47955e-05 1 19928 4752 
0.000423193 1 36864 96768 
2.19345e-05 1 16992 4032 
0.000479937 1 39104 109512 
2.19345e-05 1 17704 4212 
5.96046e-06 1 432 36 
3.19481e-05 1 7776 648 
