2.08013099043693384361419000633402224308005361470830241188423315179534256458282470703125e-15 4.9455008073955960156739093943408132336703175724323955364525318145751953125e-11 1.219291634596419106641942446407527790054603489267037730314768850803375244140625e-11
7.8678131103515625e-06 1 25720 8375.5008000000016181729733943939208984375
9.5367431640625e-07 1 28280 4608.0000000000009094947017729282379150390625
9.5367431640625e-07 1 25720 8375.5008000000016181729733943939208984375
1.9073486328125e-06 1 28280 4608.0000000000009094947017729282379150390625
9.5367431640625e-07 1 25720 8375.5008000000016181729733943939208984375
9.5367431640625e-07 1 28280 4608.0000000000009094947017729282379150390625
1.9073486328125e-06 1 25720 8375.5008000000016181729733943939208984375
2.1457672119140625e-06 1 28280 4608.0000000000009094947017729282379150390625
9.5367431640625e-07 1 25720 8375.5008000000016181729733943939208984375
2.1457672119140625e-06 1 28280 4608.0000000000009094947017729282379150390625
3.0994415283203125e-06 1 53608 18507.8518518518467317335307598114013671875
4.0531158447265625e-06 1 76648 8362.6666666666642413474619388580322265625
1.9073486328125e-06 1 53608 18507.8518518518467317335307598114013671875
4.0531158447265625e-06 1 76648 8362.6666666666642413474619388580322265625
2.1457672119140625e-06 1 53608 18507.8518518518467317335307598114013671875
2.86102294921875e-06 1 76648 8362.6666666666642413474619388580322265625
3.0994415283203125e-06 1 53608 18507.8518518518467317335307598114013671875
4.0531158447265625e-06 1 76648 8362.6666666666642413474619388580322265625
2.1457672119140625e-06 1 53608 18507.8518518518467317335307598114013671875
4.0531158447265625e-06 1 76648 8362.6666666666642413474619388580322265625
2.1457672119140625e-06 1 25720 8375.5008000000016181729733943939208984375
2.1457672119140625e-06 1 28280 4608.0000000000009094947017729282379150390625
2.1457672119140625e-06 1 25720 8375.5008000000016181729733943939208984375
9.5367431640625e-07 1 28280 4608.0000000000009094947017729282379150390625
1.9073486328125e-06 1 25720 8375.5008000000016181729733943939208984375
2.1457672119140625e-06 1 28280 4608.0000000000009094947017729282379150390625
9.5367431640625e-07 1 25720 8375.5008000000016181729733943939208984375
1.9073486328125e-06 1 28280 4608.0000000000009094947017729282379150390625
9.5367431640625e-07 1 25720 8375.5008000000016181729733943939208984375
1.9073486328125e-06 1 28280 4608.0000000000009094947017729282379150390625
3.0994415283203125e-06 1 38952 12844.246913580243926844559609889984130859375
2.86102294921875e-06 1 49192 4266.6666666666669698315672576427459716796875
2.1457672119140625e-06 1 38952 12844.246913580243926844559609889984130859375
2.86102294921875e-06 1 49192 4266.6666666666669698315672576427459716796875
1.9073486328125e-06 1 38952 12844.246913580243926844559609889984130859375
2.1457672119140625e-06 1 49192 4266.6666666666669698315672576427459716796875
2.1457672119140625e-06 1 38952 12844.246913580243926844559609889984130859375
2.86102294921875e-06 1 49192 4266.6666666666669698315672576427459716796875
1.9073486328125e-06 1 38952 12844.246913580243926844559609889984130859375
2.1457672119140625e-06 1 49192 4266.6666666666669698315672576427459716796875
1.9073486328125e-06 1 25720 8375.5008000000016181729733943939208984375
9.5367431640625e-07 1 28280 4608.0000000000009094947017729282379150390625
9.5367431640625e-07 1 25720 8375.5008000000016181729733943939208984375
1.9073486328125e-06 1 28280 4608.0000000000009094947017729282379150390625
9.5367431640625e-07 1 25720 8375.5008000000016181729733943939208984375
9.5367431640625e-07 1 28280 4608.0000000000009094947017729282379150390625
2.1457672119140625e-06 1 25720 8375.5008000000016181729733943939208984375
1.9073486328125e-06 1 28280 4608.0000000000009094947017729282379150390625
2.1457672119140625e-06 1 25720 8375.5008000000016181729733943939208984375
1.9073486328125e-06 1 28280 4608.0000000000009094947017729282379150390625
1.9073486328125e-06 1 32903 10012.44444444444161490537226200103759765625
3.0994415283203125e-06 1 39303 4266.666666666666060336865484714508056640625
2.1457672119140625e-06 1 32903 10012.44444444444161490537226200103759765625
3.0994415283203125e-06 1 39303 4266.666666666666060336865484714508056640625
1.9073486328125e-06 1 32903 10012.44444444444161490537226200103759765625
2.1457672119140625e-06 1 39303 4266.666666666666060336865484714508056640625
1.9073486328125e-06 1 32903 10012.44444444444161490537226200103759765625
2.1457672119140625e-06 1 39303 4266.666666666666060336865484714508056640625
1.9073486328125e-06 1 32903 10012.44444444444161490537226200103759765625
2.1457672119140625e-06 1 39303 4266.666666666666060336865484714508056640625
2.1457672119140625e-06 1 45863 12010.387633769320018473081290721893310546875
2.1457672119140625e-06 1 57384 7785.9310344827608787454664707183837890625
2.86102294921875e-06 1 45863 12010.387633769320018473081290721893310546875
1.9073486328125e-06 1 57384 7785.9310344827608787454664707183837890625
2.1457672119140625e-06 1 45863 12010.387633769320018473081290721893310546875
2.86102294921875e-06 1 57384 7785.9310344827608787454664707183837890625
2.1457672119140625e-06 1 45863 12010.387633769320018473081290721893310546875
3.0994415283203125e-06 1 57384 7785.9310344827608787454664707183837890625
1.9073486328125e-06 1 45863 12010.387633769320018473081290721893310546875
1.9073486328125e-06 1 57384 7785.9310344827608787454664707183837890625
1.9073486328125e-06 1 34240 3271.67999999999983629095368087291717529296875
2.1457672119140625e-06 1 36800 2880
1.9073486328125e-06 1 34240 3271.67999999999983629095368087291717529296875
1.9073486328125e-06 1 36800 2880
1.9073486328125e-06 1 34240 3271.67999999999983629095368087291717529296875
2.1457672119140625e-06 1 36800 2880
1.9073486328125e-06 1 34240 3271.67999999999983629095368087291717529296875
1.9073486328125e-06 1 36800 2880
2.1457672119140625e-06 1 34240 3271.67999999999983629095368087291717529296875
1.9073486328125e-06 1 36800 2880
2.1457672119140625e-06 1 46064 4137.7959183673474399256519973278045654296875
2.1457672119140625e-06 1 52464 3949.71428571428577924962155520915985107421875
1.9073486328125e-06 1 46064 4137.7959183673474399256519973278045654296875
2.1457672119140625e-06 1 52464 3949.71428571428577924962155520915985107421875
2.1457672119140625e-06 1 46064 4137.7959183673474399256519973278045654296875
1.9073486328125e-06 1 52464 3949.71428571428577924962155520915985107421875
9.5367431640625e-07 1 46064 4137.7959183673474399256519973278045654296875
1.1920928955078125e-06 1 52464 3949.71428571428577924962155520915985107421875
2.1457672119140625e-06 1 46064 4137.7959183673474399256519973278045654296875
1.9073486328125e-06 1 52464 3949.71428571428577924962155520915985107421875
9.5367431640625e-07 1 25720 8375.5008000000016181729733943939208984375
1.9073486328125e-06 1 28280 4608.0000000000009094947017729282379150390625
9.5367431640625e-07 1 25720 8375.5008000000016181729733943939208984375
9.5367431640625e-07 1 28280 4608.0000000000009094947017729282379150390625
2.1457672119140625e-06 1 25720 8375.5008000000016181729733943939208984375
1.9073486328125e-06 1 28280 4608.0000000000009094947017729282379150390625
2.1457672119140625e-06 1 25720 8375.5008000000016181729733943939208984375
9.5367431640625e-07 1 28280 4608.0000000000009094947017729282379150390625
1.9073486328125e-06 1 25720 8375.5008000000016181729733943939208984375
9.5367431640625e-07 1 28280 4608.0000000000009094947017729282379150390625
2.1457672119140625e-06 1 29880 8596.54320987654136843048036098480224609375
1.9073486328125e-06 1 35000 4266.66666666666787932626903057098388671875
1.1920928955078125e-06 1 29880 8596.54320987654136843048036098480224609375
1.9073486328125e-06 1 35000 4266.66666666666787932626903057098388671875
2.1457672119140625e-06 1 29880 8596.54320987654136843048036098480224609375
2.1457672119140625e-06 1 35000 4266.66666666666787932626903057098388671875
1.1920928955078125e-06 1 29880 8596.54320987654136843048036098480224609375
2.1457672119140625e-06 1 35000 4266.66666666666787932626903057098388671875
1.9073486328125e-06 1 29880 8596.54320987654136843048036098480224609375
1.9073486328125e-06 1 35000 4266.66666666666787932626903057098388671875
2.1457672119140625e-06 1 34951 8854.373365041616125381551682949066162109375
1.9073486328125e-06 1 40072 3972.4137931034483699477277696132659912109375
1.9073486328125e-06 1 34951 8854.373365041616125381551682949066162109375
1.9073486328125e-06 1 40072 3972.4137931034483699477277696132659912109375
9.5367431640625e-07 1 34951 8854.373365041616125381551682949066162109375
1.9073486328125e-06 1 40072 3972.4137931034483699477277696132659912109375
1.9073486328125e-06 1 34951 8854.373365041616125381551682949066162109375
1.9073486328125e-06 1 40072 3972.4137931034483699477277696132659912109375
1.9073486328125e-06 1 34951 8854.373365041616125381551682949066162109375
1.9073486328125e-06 1 40072 3972.4137931034483699477277696132659912109375
2.1457672119140625e-06 1 31400 4273.2146938775504168006591498851776123046875
1.1920928955078125e-06 1 33960 3291.4285714285715584992431104183197021484375
1.9073486328125e-06 1 31400 4273.2146938775504168006591498851776123046875
2.1457672119140625e-06 1 33960 3291.4285714285715584992431104183197021484375
1.9073486328125e-06 1 31400 4273.2146938775504168006591498851776123046875
1.9073486328125e-06 1 33960 3291.4285714285715584992431104183197021484375
1.9073486328125e-06 1 31400 4273.2146938775504168006591498851776123046875
1.9073486328125e-06 1 33960 3291.4285714285715584992431104183197021484375
2.1457672119140625e-06 1 31400 4273.2146938775504168006591498851776123046875
9.5367431640625e-07 1 33960 3291.4285714285715584992431104183197021484375
1.9073486328125e-06 1 36680 4577.7063550036518790875561535358428955078125
1.9073486328125e-06 1 41800 3113.5135135135142263607122004032135009765625
1.9073486328125e-06 1 36680 4577.7063550036518790875561535358428955078125
1.9073486328125e-06 1 41800 3113.5135135135142263607122004032135009765625
1.9073486328125e-06 1 36680 4577.7063550036518790875561535358428955078125
1.9073486328125e-06 1 41800 3113.5135135135142263607122004032135009765625
2.1457672119140625e-06 1 36680 4577.7063550036518790875561535358428955078125
1.9073486328125e-06 1 41800 3113.5135135135142263607122004032135009765625
1.9073486328125e-06 1 36680 4577.7063550036518790875561535358428955078125
2.1457672119140625e-06 1 41800 3113.5135135135142263607122004032135009765625
2.1457672119140625e-06 1 44312 4895.8106508875744111719541251659393310546875
2.86102294921875e-06 1 50712 4253.538461538462797761894762516021728515625
1.9073486328125e-06 1 44312 4895.8106508875744111719541251659393310546875
2.1457672119140625e-06 1 50712 4253.538461538462797761894762516021728515625
1.9073486328125e-06 1 44312 4895.8106508875744111719541251659393310546875
2.1457672119140625e-06 1 50712 4253.538461538462797761894762516021728515625
2.1457672119140625e-06 1 44312 4895.8106508875744111719541251659393310546875
1.50203704833984375e-05 1 50712 4253.538461538462797761894762516021728515625
1.9073486328125e-06 1 44312 4895.8106508875744111719541251659393310546875
2.1457672119140625e-06 1 50712 4253.538461538462797761894762516021728515625
1.9073486328125e-06 1 39495 2369.7093707559988615685142576694488525390625
2.1457672119140625e-06 1 42055 3529.5319148936168858199380338191986083984375
1.9073486328125e-06 1 39495 2369.7093707559988615685142576694488525390625
2.1457672119140625e-06 1 42055 3529.5319148936168858199380338191986083984375
2.1457672119140625e-06 1 39495 2369.7093707559988615685142576694488525390625
2.1457672119140625e-06 1 42055 3529.5319148936168858199380338191986083984375
2.1457672119140625e-06 1 39495 2369.7093707559988615685142576694488525390625
2.1457672119140625e-06 1 42055 3529.5319148936168858199380338191986083984375
9.5367431640625e-07 1 39495 2369.7093707559988615685142576694488525390625
2.1457672119140625e-06 1 42055 3529.5319148936168858199380338191986083984375
2.86102294921875e-06 1 46120 2610.11245314452344246092252433300018310546875
2.1457672119140625e-06 1 51240 3385.4693877551007972215302288532257080078125
1.9073486328125e-06 1 46120 2610.11245314452344246092252433300018310546875
1.9073486328125e-06 1 51240 3385.4693877551007972215302288532257080078125
1.9073486328125e-06 1 46120 2610.11245314452344246092252433300018310546875
1.9073486328125e-06 1 51240 3385.4693877551007972215302288532257080078125
1.9073486328125e-06 1 46120 2610.11245314452344246092252433300018310546875
1.9073486328125e-06 1 51240 3385.4693877551007972215302288532257080078125
1.9073486328125e-06 1 46120 2610.11245314452344246092252433300018310546875
2.1457672119140625e-06 1 51240 3385.4693877551007972215302288532257080078125
9.5367431640625e-07 1 25720 8375.5008000000016181729733943939208984375
1.1920928955078125e-06 1 28280 4608.0000000000009094947017729282379150390625
1.9073486328125e-06 1 25720 8375.5008000000016181729733943939208984375
1.1920928955078125e-06 1 28280 4608.0000000000009094947017729282379150390625
1.9073486328125e-06 1 25720 8375.5008000000016181729733943939208984375
9.5367431640625e-07 1 28280 4608.0000000000009094947017729282379150390625
1.9073486328125e-06 1 25720 8375.5008000000016181729733943939208984375
9.5367431640625e-07 1 28280 4608.0000000000009094947017729282379150390625
2.1457672119140625e-06 1 25720 8375.5008000000016181729733943939208984375
1.1920928955078125e-06 1 28280 4608.0000000000009094947017729282379150390625
1.9073486328125e-06 1 28367 7888.5925925925903356983326375484466552734375
9.5367431640625e-07 1 30927 4266.6666666666669698315672576427459716796875
1.9073486328125e-06 1 28367 7888.5925925925903356983326375484466552734375
1.9073486328125e-06 1 30927 4266.6666666666669698315672576427459716796875
1.9073486328125e-06 1 28367 7888.5925925925903356983326375484466552734375
9.5367431640625e-07 1 30927 4266.6666666666669698315672576427459716796875
2.1457672119140625e-06 1 28367 7888.5925925925903356983326375484466552734375
2.1457672119140625e-06 1 30927 4266.6666666666669698315672576427459716796875
1.9073486328125e-06 1 28367 7888.5925925925903356983326375484466552734375
2.1457672119140625e-06 1 30927 4266.6666666666669698315672576427459716796875
1.9073486328125e-06 1 32519 7451.700356718190960236825048923492431640625
1.9073486328125e-06 1 37640 5720.275862068965579965151846408843994140625
1.9073486328125e-06 1 32519 7451.700356718190960236825048923492431640625
2.1457672119140625e-06 1 37640 5720.275862068965579965151846408843994140625
1.1920928955078125e-06 1 32519 7451.700356718190960236825048923492431640625
2.1457672119140625e-06 1 37640 5720.275862068965579965151846408843994140625
1.9073486328125e-06 1 32519 7451.700356718190960236825048923492431640625
1.9073486328125e-06 1 37640 5720.275862068965579965151846408843994140625
2.1457672119140625e-06 1 32519 7451.700356718190960236825048923492431640625
1.9073486328125e-06 1 37640 5720.275862068965579965151846408843994140625
2.1457672119140625e-06 1 30264 4806.876033057851600460708141326904296875
1.9073486328125e-06 1 32824 3490.90909090909144651959650218486785888671875
2.1457672119140625e-06 1 30264 4806.876033057851600460708141326904296875
1.9073486328125e-06 1 32824 3490.90909090909144651959650218486785888671875
9.5367431640625e-07 1 30264 4806.876033057851600460708141326904296875
1.1920928955078125e-06 1 32824 3490.90909090909144651959650218486785888671875
1.9073486328125e-06 1 30264 4806.876033057851600460708141326904296875
1.1920928955078125e-06 1 32824 3490.90909090909144651959650218486785888671875
1.9073486328125e-06 1 30264 4806.876033057851600460708141326904296875
1.9073486328125e-06 1 32824 3490.90909090909144651959650218486785888671875
1.9073486328125e-06 1 33360 4694.517551020408063777722418308258056640625
2.1457672119140625e-06 1 35920 3291.42857142857110375189222395420074462890625
1.9073486328125e-06 1 33360 4694.517551020408063777722418308258056640625
1.9073486328125e-06 1 35920 3291.42857142857110375189222395420074462890625
9.5367431640625e-07 1 33360 4694.517551020408063777722418308258056640625
9.5367431640625e-07 1 35920 3291.42857142857110375189222395420074462890625
1.9073486328125e-06 1 33360 4694.517551020408063777722418308258056640625
2.1457672119140625e-06 1 35920 3291.42857142857110375189222395420074462890625
1.9073486328125e-06 1 33360 4694.517551020408063777722418308258056640625
2.1457672119140625e-06 1 35920 3291.42857142857110375189222395420074462890625
2.1457672119140625e-06 1 37959 4577.7063550036518790875561535358428955078125
2.1457672119140625e-06 1 43079 4483.4594594594591399072669446468353271484375
2.1457672119140625e-06 1 37959 4577.7063550036518790875561535358428955078125
1.9073486328125e-06 1 43079 4483.4594594594591399072669446468353271484375
1.9073486328125e-06 1 37959 4577.7063550036518790875561535358428955078125
2.1457672119140625e-06 1 43079 4483.4594594594591399072669446468353271484375
2.86102294921875e-06 1 37959 4577.7063550036518790875561535358428955078125
2.86102294921875e-06 1 43079 4483.4594594594591399072669446468353271484375
1.9073486328125e-06 1 37959 4577.7063550036518790875561535358428955078125
3.0994415283203125e-06 1 43079 4483.4594594594591399072669446468353271484375
1.9073486328125e-06 1 35376 2967.51020408163321917527355253696441650390625
1.9073486328125e-06 1 37936 2742.85714285714266225113533437252044677734375
1.9073486328125e-06 1 35376 2967.51020408163321917527355253696441650390625
1.9073486328125e-06 1 37936 2742.85714285714266225113533437252044677734375
1.9073486328125e-06 1 35376 2967.51020408163321917527355253696441650390625
1.1920928955078125e-06 1 37936 2742.85714285714266225113533437252044677734375
2.1457672119140625e-06 1 35376 2967.51020408163321917527355253696441650390625
1.9073486328125e-06 1 37936 2742.85714285714266225113533437252044677734375
1.9073486328125e-06 1 35376 2967.51020408163321917527355253696441650390625
1.9073486328125e-06 1 37936 2742.85714285714266225113533437252044677734375
2.1457672119140625e-06 1 40256 2970.44628099173542068456299602985382080078125
2.1457672119140625e-06 1 42816 3770.18181818181847120285965502262115478515625
1.9073486328125e-06 1 40256 2970.44628099173542068456299602985382080078125
2.1457672119140625e-06 1 42816 3770.18181818181847120285965502262115478515625
1.9073486328125e-06 1 40256 2970.44628099173542068456299602985382080078125
1.9073486328125e-06 1 42816 3770.18181818181847120285965502262115478515625
2.1457672119140625e-06 1 40256 2970.44628099173542068456299602985382080078125
2.1457672119140625e-06 1 42816 3770.18181818181847120285965502262115478515625
1.9073486328125e-06 1 40256 2970.44628099173542068456299602985382080078125
1.9073486328125e-06 1 42816 3770.18181818181847120285965502262115478515625
2.3057899275497443419016211590220530622835789190394617520496467477641999721527099609375e-15 5.1436553382965281289933211334881586578038348278596458840183913707733154296875e-11 1.016281508139226041974987061244903633304426104899675920023582875728607177734375e-11
6.9141387939453125e-06 1 25720 8375.5008000000016181729733943939208984375
1.9073486328125e-06 1 28280 4608.0000000000009094947017729282379150390625
2.1457672119140625e-06 1 25720 8375.5008000000016181729733943939208984375
9.5367431640625e-07 1 28280 4608.0000000000009094947017729282379150390625
2.1457672119140625e-06 1 25720 8375.5008000000016181729733943939208984375
2.1457672119140625e-06 1 28280 4608.0000000000009094947017729282379150390625
1.1920928955078125e-06 1 25720 8375.5008000000016181729733943939208984375
9.5367431640625e-07 1 28280 4608.0000000000009094947017729282379150390625
9.5367431640625e-07 1 25720 8375.5008000000016181729733943939208984375
9.5367431640625e-07 1 28280 4608.0000000000009094947017729282379150390625
3.0994415283203125e-06 1 53608 18507.8518518518467317335307598114013671875
4.0531158447265625e-06 1 76648 8362.6666666666642413474619388580322265625
1.9073486328125e-06 1 53608 18507.8518518518467317335307598114013671875
4.0531158447265625e-06 1 76648 8362.6666666666642413474619388580322265625
3.0994415283203125e-06 1 53608 18507.8518518518467317335307598114013671875
3.814697265625e-06 1 76648 8362.6666666666642413474619388580322265625
2.86102294921875e-06 1 53608 18507.8518518518467317335307598114013671875
4.0531158447265625e-06 1 76648 8362.6666666666642413474619388580322265625
3.0994415283203125e-06 1 53608 18507.8518518518467317335307598114013671875
4.0531158447265625e-06 1 76648 8362.6666666666642413474619388580322265625
2.1457672119140625e-06 1 25720 8375.5008000000016181729733943939208984375
1.1920928955078125e-06 1 28280 4608.0000000000009094947017729282379150390625
1.9073486328125e-06 1 25720 8375.5008000000016181729733943939208984375
9.5367431640625e-07 1 28280 4608.0000000000009094947017729282379150390625
1.9073486328125e-06 1 25720 8375.5008000000016181729733943939208984375
1.9073486328125e-06 1 28280 4608.0000000000009094947017729282379150390625
9.5367431640625e-07 1 25720 8375.5008000000016181729733943939208984375
1.1920928955078125e-06 1 28280 4608.0000000000009094947017729282379150390625
2.1457672119140625e-06 1 25720 8375.5008000000016181729733943939208984375
1.9073486328125e-06 1 28280 4608.0000000000009094947017729282379150390625
1.9073486328125e-06 1 38952 12844.246913580243926844559609889984130859375
2.1457672119140625e-06 1 49192 4266.6666666666669698315672576427459716796875
2.1457672119140625e-06 1 38952 12844.246913580243926844559609889984130859375
1.9073486328125e-06 1 49192 4266.6666666666669698315672576427459716796875
1.9073486328125e-06 1 38952 12844.246913580243926844559609889984130859375
3.0994415283203125e-06 1 49192 4266.6666666666669698315672576427459716796875
2.1457672119140625e-06 1 38952 12844.246913580243926844559609889984130859375
2.86102294921875e-06 1 49192 4266.6666666666669698315672576427459716796875
9.5367431640625e-07 1 38952 12844.246913580243926844559609889984130859375
3.0994415283203125e-06 1 49192 4266.6666666666669698315672576427459716796875
2.1457672119140625e-06 1 25720 8375.5008000000016181729733943939208984375
1.1920928955078125e-06 1 28280 4608.0000000000009094947017729282379150390625
2.1457672119140625e-06 1 25720 8375.5008000000016181729733943939208984375
1.9073486328125e-06 1 28280 4608.0000000000009094947017729282379150390625
1.1920928955078125e-06 1 25720 8375.5008000000016181729733943939208984375
1.9073486328125e-06 1 28280 4608.0000000000009094947017729282379150390625
2.1457672119140625e-06 1 25720 8375.5008000000016181729733943939208984375
1.1920928955078125e-06 1 28280 4608.0000000000009094947017729282379150390625
1.9073486328125e-06 1 25720 8375.5008000000016181729733943939208984375
1.9073486328125e-06 1 28280 4608.0000000000009094947017729282379150390625
9.5367431640625e-07 1 32903 10012.44444444444161490537226200103759765625
3.0994415283203125e-06 1 39303 4266.666666666666060336865484714508056640625
1.9073486328125e-06 1 32903 10012.44444444444161490537226200103759765625
1.9073486328125e-06 1 39303 4266.666666666666060336865484714508056640625
1.9073486328125e-06 1 32903 10012.44444444444161490537226200103759765625
2.86102294921875e-06 1 39303 4266.666666666666060336865484714508056640625
1.1920928955078125e-06 1 32903 10012.44444444444161490537226200103759765625
1.9073486328125e-06 1 39303 4266.666666666666060336865484714508056640625
1.9073486328125e-06 1 32903 10012.44444444444161490537226200103759765625
1.9073486328125e-06 1 39303 4266.666666666666060336865484714508056640625
2.1457672119140625e-06 1 45863 12010.387633769320018473081290721893310546875
1.9073486328125e-06 1 57384 7785.9310344827608787454664707183837890625
2.1457672119140625e-06 1 45863 12010.387633769320018473081290721893310546875
3.0994415283203125e-06 1 57384 7785.9310344827608787454664707183837890625
2.1457672119140625e-06 1 45863 12010.387633769320018473081290721893310546875
1.9073486328125e-06 1 57384 7785.9310344827608787454664707183837890625
1.9073486328125e-06 1 45863 12010.387633769320018473081290721893310546875
2.86102294921875e-06 1 57384 7785.9310344827608787454664707183837890625
1.9073486328125e-06 1 45863 12010.387633769320018473081290721893310546875
2.86102294921875e-06 1 57384 7785.9310344827608787454664707183837890625
2.1457672119140625e-06 1 34240 3271.67999999999983629095368087291717529296875
1.9073486328125e-06 1 36800 2880
1.9073486328125e-06 1 34240 3271.67999999999983629095368087291717529296875
2.86102294921875e-06 1 36800 2880
1.9073486328125e-06 1 34240 3271.67999999999983629095368087291717529296875
2.1457672119140625e-06 1 36800 2880
2.1457672119140625e-06 1 34240 3271.67999999999983629095368087291717529296875
9.5367431640625e-07 1 36800 2880
2.1457672119140625e-06 1 34240 3271.67999999999983629095368087291717529296875
1.9073486328125e-06 1 36800 2880
1.9073486328125e-06 1 46064 4137.7959183673474399256519973278045654296875
1.9073486328125e-06 1 52464 3949.71428571428577924962155520915985107421875
2.1457672119140625e-06 1 46064 4137.7959183673474399256519973278045654296875
1.9073486328125e-06 1 52464 3949.71428571428577924962155520915985107421875
1.9073486328125e-06 1 46064 4137.7959183673474399256519973278045654296875
2.1457672119140625e-06 1 52464 3949.71428571428577924962155520915985107421875
1.9073486328125e-06 1 46064 4137.7959183673474399256519973278045654296875
2.1457672119140625e-06 1 52464 3949.71428571428577924962155520915985107421875
2.1457672119140625e-06 1 46064 4137.7959183673474399256519973278045654296875
1.9073486328125e-06 1 52464 3949.71428571428577924962155520915985107421875
1.9073486328125e-06 1 25720 8375.5008000000016181729733943939208984375
1.9073486328125e-06 1 28280 4608.0000000000009094947017729282379150390625
9.5367431640625e-07 1 25720 8375.5008000000016181729733943939208984375
9.5367431640625e-07 1 28280 4608.0000000000009094947017729282379150390625
2.1457672119140625e-06 1 25720 8375.5008000000016181729733943939208984375
1.9073486328125e-06 1 28280 4608.0000000000009094947017729282379150390625
9.5367431640625e-07 1 25720 8375.5008000000016181729733943939208984375
9.5367431640625e-07 1 28280 4608.0000000000009094947017729282379150390625
9.5367431640625e-07 1 25720 8375.5008000000016181729733943939208984375
9.5367431640625e-07 1 28280 4608.0000000000009094947017729282379150390625
2.1457672119140625e-06 1 29880 8596.54320987654136843048036098480224609375
1.9073486328125e-06 1 35000 4266.66666666666787932626903057098388671875
1.9073486328125e-06 1 29880 8596.54320987654136843048036098480224609375
2.1457672119140625e-06 1 35000 4266.66666666666787932626903057098388671875
1.9073486328125e-06 1 29880 8596.54320987654136843048036098480224609375
1.9073486328125e-06 1 35000 4266.66666666666787932626903057098388671875
2.86102294921875e-06 1 29880 8596.54320987654136843048036098480224609375
2.86102294921875e-06 1 35000 4266.66666666666787932626903057098388671875
1.9073486328125e-06 1 29880 8596.54320987654136843048036098480224609375
2.1457672119140625e-06 1 35000 4266.66666666666787932626903057098388671875
1.9073486328125e-06 1 34951 8854.373365041616125381551682949066162109375
2.1457672119140625e-06 1 40072 3972.4137931034483699477277696132659912109375
9.5367431640625e-07 1 34951 8854.373365041616125381551682949066162109375
9.5367431640625e-07 1 40072 3972.4137931034483699477277696132659912109375
1.9073486328125e-06 1 34951 8854.373365041616125381551682949066162109375
1.9073486328125e-06 1 40072 3972.4137931034483699477277696132659912109375
2.1457672119140625e-06 1 34951 8854.373365041616125381551682949066162109375
9.5367431640625e-07 1 40072 3972.4137931034483699477277696132659912109375
2.1457672119140625e-06 1 34951 8854.373365041616125381551682949066162109375
1.9073486328125e-06 1 40072 3972.4137931034483699477277696132659912109375
1.9073486328125e-06 1 31400 4273.2146938775504168006591498851776123046875
1.9073486328125e-06 1 33960 3291.4285714285715584992431104183197021484375
9.5367431640625e-07 1 31400 4273.2146938775504168006591498851776123046875
1.9073486328125e-06 1 33960 3291.4285714285715584992431104183197021484375
1.9073486328125e-06 1 31400 4273.2146938775504168006591498851776123046875
9.5367431640625e-07 1 33960 3291.4285714285715584992431104183197021484375
1.9073486328125e-06 1 31400 4273.2146938775504168006591498851776123046875
2.1457672119140625e-06 1 33960 3291.4285714285715584992431104183197021484375
1.1920928955078125e-06 1 31400 4273.2146938775504168006591498851776123046875
1.9073486328125e-06 1 33960 3291.4285714285715584992431104183197021484375
1.9073486328125e-06 1 36680 4577.7063550036518790875561535358428955078125
1.9073486328125e-06 1 41800 3113.5135135135142263607122004032135009765625
1.9073486328125e-06 1 36680 4577.7063550036518790875561535358428955078125
2.1457672119140625e-06 1 41800 3113.5135135135142263607122004032135009765625
9.5367431640625e-07 1 36680 4577.7063550036518790875561535358428955078125
1.9073486328125e-06 1 41800 3113.5135135135142263607122004032135009765625
2.1457672119140625e-06 1 36680 4577.7063550036518790875561535358428955078125
1.9073486328125e-06 1 41800 3113.5135135135142263607122004032135009765625
2.1457672119140625e-06 1 36680 4577.7063550036518790875561535358428955078125
1.9073486328125e-06 1 41800 3113.5135135135142263607122004032135009765625
2.1457672119140625e-06 1 44312 4895.8106508875744111719541251659393310546875
2.1457672119140625e-06 1 50712 4253.538461538462797761894762516021728515625
1.9073486328125e-06 1 44312 4895.8106508875744111719541251659393310546875
1.9073486328125e-06 1 50712 4253.538461538462797761894762516021728515625
1.9073486328125e-06 1 44312 4895.8106508875744111719541251659393310546875
1.9073486328125e-06 1 50712 4253.538461538462797761894762516021728515625
2.1457672119140625e-06 1 44312 4895.8106508875744111719541251659393310546875
1.9073486328125e-06 1 50712 4253.538461538462797761894762516021728515625
1.9073486328125e-06 1 44312 4895.8106508875744111719541251659393310546875
3.0994415283203125e-06 1 50712 4253.538461538462797761894762516021728515625
1.9073486328125e-06 1 39495 2369.7093707559988615685142576694488525390625
2.1457672119140625e-06 1 42055 3529.5319148936168858199380338191986083984375
1.9073486328125e-06 1 39495 2369.7093707559988615685142576694488525390625
1.9073486328125e-06 1 42055 3529.5319148936168858199380338191986083984375
2.1457672119140625e-06 1 39495 2369.7093707559988615685142576694488525390625
1.9073486328125e-06 1 42055 3529.5319148936168858199380338191986083984375
9.5367431640625e-07 1 39495 2369.7093707559988615685142576694488525390625
9.5367431640625e-07 1 42055 3529.5319148936168858199380338191986083984375
1.9073486328125e-06 1 39495 2369.7093707559988615685142576694488525390625
1.9073486328125e-06 1 42055 3529.5319148936168858199380338191986083984375
2.86102294921875e-06 1 46120 2610.11245314452344246092252433300018310546875
2.1457672119140625e-06 1 51240 3385.4693877551007972215302288532257080078125
1.9073486328125e-06 1 46120 2610.11245314452344246092252433300018310546875
1.9073486328125e-06 1 51240 3385.4693877551007972215302288532257080078125
1.9073486328125e-06 1 46120 2610.11245314452344246092252433300018310546875
9.5367431640625e-07 1 51240 3385.4693877551007972215302288532257080078125
2.1457672119140625e-06 1 46120 2610.11245314452344246092252433300018310546875
2.1457672119140625e-06 1 51240 3385.4693877551007972215302288532257080078125
1.9073486328125e-06 1 46120 2610.11245314452344246092252433300018310546875
9.5367431640625e-07 1 51240 3385.4693877551007972215302288532257080078125
2.1457672119140625e-06 1 25720 8375.5008000000016181729733943939208984375
1.9073486328125e-06 1 28280 4608.0000000000009094947017729282379150390625
9.5367431640625e-07 1 25720 8375.5008000000016181729733943939208984375
9.5367431640625e-07 1 28280 4608.0000000000009094947017729282379150390625
9.5367431640625e-07 1 25720 8375.5008000000016181729733943939208984375
1.9073486328125e-06 1 28280 4608.0000000000009094947017729282379150390625
2.1457672119140625e-06 1 25720 8375.5008000000016181729733943939208984375
2.1457672119140625e-06 1 28280 4608.0000000000009094947017729282379150390625
1.9073486328125e-06 1 25720 8375.5008000000016181729733943939208984375
9.5367431640625e-07 1 28280 4608.0000000000009094947017729282379150390625
1.9073486328125e-06 1 28367 7888.5925925925903356983326375484466552734375
9.5367431640625e-07 1 30927 4266.6666666666669698315672576427459716796875
2.1457672119140625e-06 1 28367 7888.5925925925903356983326375484466552734375
1.9073486328125e-06 1 30927 4266.6666666666669698315672576427459716796875
2.1457672119140625e-06 1 28367 7888.5925925925903356983326375484466552734375
1.9073486328125e-06 1 30927 4266.6666666666669698315672576427459716796875
9.5367431640625e-07 1 28367 7888.5925925925903356983326375484466552734375
9.5367431640625e-07 1 30927 4266.6666666666669698315672576427459716796875
2.1457672119140625e-06 1 28367 7888.5925925925903356983326375484466552734375
2.1457672119140625e-06 1 30927 4266.6666666666669698315672576427459716796875
2.1457672119140625e-06 1 32519 7451.700356718190960236825048923492431640625
2.1457672119140625e-06 1 37640 5720.275862068965579965151846408843994140625
1.9073486328125e-06 1 32519 7451.700356718190960236825048923492431640625
2.1457672119140625e-06 1 37640 5720.275862068965579965151846408843994140625
1.9073486328125e-06 1 32519 7451.700356718190960236825048923492431640625
9.5367431640625e-07 1 37640 5720.275862068965579965151846408843994140625
4.0531158447265625e-06 1 32519 7451.700356718190960236825048923492431640625
1.9073486328125e-06 1 37640 5720.275862068965579965151846408843994140625
1.9073486328125e-06 1 32519 7451.700356718190960236825048923492431640625
3.0994415283203125e-06 1 37640 5720.275862068965579965151846408843994140625
2.1457672119140625e-06 1 30264 4806.876033057851600460708141326904296875
1.9073486328125e-06 1 32824 3490.90909090909144651959650218486785888671875
1.9073486328125e-06 1 30264 4806.876033057851600460708141326904296875
2.1457672119140625e-06 1 32824 3490.90909090909144651959650218486785888671875
1.9073486328125e-06 1 30264 4806.876033057851600460708141326904296875
2.1457672119140625e-06 1 32824 3490.90909090909144651959650218486785888671875
9.5367431640625e-07 1 30264 4806.876033057851600460708141326904296875
2.1457672119140625e-06 1 32824 3490.90909090909144651959650218486785888671875
1.1920928955078125e-06 1 30264 4806.876033057851600460708141326904296875
9.5367431640625e-07 1 32824 3490.90909090909144651959650218486785888671875
2.1457672119140625e-06 1 33360 4694.517551020408063777722418308258056640625
1.9073486328125e-06 1 35920 3291.42857142857110375189222395420074462890625
2.1457672119140625e-06 1 33360 4694.517551020408063777722418308258056640625
2.1457672119140625e-06 1 35920 3291.42857142857110375189222395420074462890625
9.5367431640625e-07 1 33360 4694.517551020408063777722418308258056640625
2.1457672119140625e-06 1 35920 3291.42857142857110375189222395420074462890625
1.1920928955078125e-06 1 33360 4694.517551020408063777722418308258056640625
2.1457672119140625e-06 1 35920 3291.42857142857110375189222395420074462890625
2.1457672119140625e-06 1 33360 4694.517551020408063777722418308258056640625
1.9073486328125e-06 1 35920 3291.42857142857110375189222395420074462890625
2.1457672119140625e-06 1 37959 4577.7063550036518790875561535358428955078125
2.86102294921875e-06 1 43079 4483.4594594594591399072669446468353271484375
2.1457672119140625e-06 1 37959 4577.7063550036518790875561535358428955078125
1.9073486328125e-06 1 43079 4483.4594594594591399072669446468353271484375
1.9073486328125e-06 1 37959 4577.7063550036518790875561535358428955078125
1.9073486328125e-06 1 43079 4483.4594594594591399072669446468353271484375
2.1457672119140625e-06 1 37959 4577.7063550036518790875561535358428955078125
2.86102294921875e-06 1 43079 4483.4594594594591399072669446468353271484375
2.1457672119140625e-06 1 37959 4577.7063550036518790875561535358428955078125
2.86102294921875e-06 1 43079 4483.4594594594591399072669446468353271484375
2.1457672119140625e-06 1 35376 2967.51020408163321917527355253696441650390625
9.5367431640625e-07 1 37936 2742.85714285714266225113533437252044677734375
2.1457672119140625e-06 1 35376 2967.51020408163321917527355253696441650390625
1.9073486328125e-06 1 37936 2742.85714285714266225113533437252044677734375
9.5367431640625e-07 1 35376 2967.51020408163321917527355253696441650390625
1.9073486328125e-06 1 37936 2742.85714285714266225113533437252044677734375
1.9073486328125e-06 1 35376 2967.51020408163321917527355253696441650390625
1.9073486328125e-06 1 37936 2742.85714285714266225113533437252044677734375
1.9073486328125e-06 1 35376 2967.51020408163321917527355253696441650390625
2.1457672119140625e-06 1 37936 2742.85714285714266225113533437252044677734375
8.106231689453125e-06 1 40256 2970.44628099173542068456299602985382080078125
3.0994415283203125e-06 1 42816 3770.18181818181847120285965502262115478515625
9.059906005859375e-06 1 40256 2970.44628099173542068456299602985382080078125
8.106231689453125e-06 1 42816 3770.18181818181847120285965502262115478515625
1.9073486328125e-06 1 40256 2970.44628099173542068456299602985382080078125
5.0067901611328125e-06 1 42816 3770.18181818181847120285965502262115478515625
3.0994415283203125e-06 1 40256 2970.44628099173542068456299602985382080078125
1.9073486328125e-06 1 42816 3770.18181818181847120285965502262115478515625
3.814697265625e-06 1 40256 2970.44628099173542068456299602985382080078125
9.059906005859375e-06 1 42816 3770.18181818181847120285965502262115478515625
0.000000 0.000000 0.000000
0.000009 1.000000 25720.000000 8375.500800
0.000001 1.000000 28280.000000 4608.000000
0.000001 1.000000 25720.000000 8375.500800
0.000002 1.000000 28280.000000 4608.000000
0.000001 1.000000 25720.000000 8375.500800
0.000001 1.000000 28280.000000 4608.000000
0.000001 1.000000 25720.000000 8375.500800
0.000001 1.000000 28280.000000 4608.000000
0.000001 1.000000 25720.000000 8375.500800
0.000001 1.000000 28280.000000 4608.000000
0.000003 1.000000 53608.000000 18507.851852
0.000004 1.000000 76648.000000 8362.666667
0.000002 1.000000 53608.000000 18507.851852
0.000004 1.000000 76648.000000 8362.666667
0.000002 1.000000 53608.000000 18507.851852
0.000003 1.000000 76648.000000 8362.666667
0.000001 1.000000 53608.000000 18507.851852
0.000004 1.000000 76648.000000 8362.666667
0.000002 1.000000 53608.000000 18507.851852
0.000004 1.000000 76648.000000 8362.666667
0.000001 1.000000 25720.000000 8375.500800
0.000001 1.000000 28280.000000 4608.000000
0.000001 1.000000 25720.000000 8375.500800
0.000001 1.000000 28280.000000 4608.000000
0.000001 1.000000 25720.000000 8375.500800
0.000002 1.000000 28280.000000 4608.000000
0.000001 1.000000 25720.000000 8375.500800
0.000002 1.000000 28280.000000 4608.000000
0.000001 1.000000 25720.000000 8375.500800
0.000002 1.000000 28280.000000 4608.000000
0.000002 1.000000 38952.000000 12844.246914
0.000003 1.000000 49192.000000 4266.666667
0.000001 1.000000 38952.000000 12844.246914
0.000003 1.000000 49192.000000 4266.666667
0.000002 1.000000 38952.000000 12844.246914
0.000002 1.000000 49192.000000 4266.666667
0.000002 1.000000 38952.000000 12844.246914
0.000003 1.000000 49192.000000 4266.666667
0.000002 1.000000 38952.000000 12844.246914
0.000002 1.000000 49192.000000 4266.666667
0.000002 1.000000 67558.000000 19725.089180
0.000005 1.000000 99559.000000 10169.379310
0.000002 1.000000 67558.000000 19725.089180
0.000004 1.000000 99559.000000 10169.379310
0.000002 1.000000 67558.000000 19725.089180
0.000005 1.000000 99559.000000 10169.379310
0.000002 1.000000 67558.000000 19725.089180
0.000005 1.000000 99559.000000 10169.379310
0.000002 1.000000 67558.000000 19725.089180
0.000005 1.000000 99559.000000 10169.379310
0.000001 1.000000 40632.000000 2180.211579
0.000002 1.000000 43192.000000 3385.469388
0.000002 1.000000 40632.000000 2180.211579
0.000002 1.000000 43192.000000 3385.469388
0.000002 1.000000 40632.000000 2180.211579
0.000002 1.000000 43192.000000 3385.469388
0.000002 1.000000 40632.000000 2180.211579
0.000001 1.000000 43192.000000 3385.469388
0.000001 1.000000 40632.000000 2180.211579
0.000002 1.000000 43192.000000 3385.469388
0.000002 1.000000 67176.000000 3599.944637
0.000003 1.000000 76136.000000 5782.588235
0.000002 1.000000 67176.000000 3599.944637
0.000003 1.000000 76136.000000 5782.588235
0.000002 1.000000 67176.000000 3599.944637
0.000003 1.000000 76136.000000 5782.588235
0.000002 1.000000 67176.000000 3599.944637
0.000002 1.000000 76136.000000 5782.588235
0.000002 1.000000 67176.000000 3599.944637
0.000003 1.000000 76136.000000 5782.588235
0.000002 1.000000 25720.000000 8375.500800
0.000002 1.000000 28280.000000 4608.000000
0.000002 1.000000 25720.000000 8375.500800
0.000004 1.000000 28280.000000 4608.000000
0.000002 1.000000 25720.000000 8375.500800
0.000001 1.000000 28280.000000 4608.000000
0.000001 1.000000 25720.000000 8375.500800
0.000001 1.000000 28280.000000 4608.000000
0.000001 1.000000 25720.000000 8375.500800
0.000002 1.000000 28280.000000 4608.000000
0.000002 1.000000 32903.000000 10012.444444
0.000002 1.000000 38023.000000 4266.666667
0.000001 1.000000 32903.000000 10012.444444
0.000002 1.000000 38023.000000 4266.666667
0.000001 1.000000 32903.000000 10012.444444
0.000002 1.000000 38023.000000 4266.666667
0.000002 1.000000 32903.000000 10012.444444
0.000002 1.000000 38023.000000 4266.666667
0.000002 1.000000 32903.000000 10012.444444
0.000002 1.000000 38023.000000 4266.666667
0.000002 1.000000 45863.000000 12010.387634
0.000003 1.000000 57384.000000 7785.931034
0.000002 1.000000 45863.000000 12010.387634
0.000003 1.000000 57384.000000 7785.931034
0.000002 1.000000 45863.000000 12010.387634
0.000003 1.000000 57384.000000 7785.931034
0.000001 1.000000 45863.000000 12010.387634
0.000003 1.000000 57384.000000 7785.931034
0.000001 1.000000 45863.000000 12010.387634
0.000003 1.000000 57384.000000 7785.931034
0.000002 1.000000 34240.000000 3271.680000
0.000002 1.000000 36800.000000 2880.000000
0.000001 1.000000 34240.000000 3271.680000
0.000001 1.000000 36800.000000 2880.000000
0.000001 1.000000 34240.000000 3271.680000
0.000002 1.000000 36800.000000 2880.000000
0.000002 1.000000 34240.000000 3271.680000
0.000002 1.000000 36800.000000 2880.000000
0.000002 1.000000 34240.000000 3271.680000
0.000001 1.000000 36800.000000 2880.000000
0.000002 1.000000 46064.000000 4137.795918
0.000002 1.000000 52464.000000 3949.714286
0.000002 1.000000 46064.000000 4137.795918
0.000002 1.000000 52464.000000 3949.714286
0.000002 1.000000 46064.000000 4137.795918
0.000002 1.000000 52464.000000 3949.714286
0.000002 1.000000 46064.000000 4137.795918
0.000003 1.000000 52464.000000 3949.714286
0.000002 1.000000 46064.000000 4137.795918
0.000002 1.000000 52464.000000 3949.714286
0.000002 1.000000 62304.000000 5217.322314
0.000003 1.000000 73824.000000 5131.636364
0.000002 1.000000 62304.000000 5217.322314
0.000002 1.000000 73824.000000 5131.636364
0.000002 1.000000 62304.000000 5217.322314
0.000003 1.000000 73824.000000 5131.636364
0.000002 1.000000 62304.000000 5217.322314
0.000003 1.000000 73824.000000 5131.636364
0.000002 1.000000 62304.000000 5217.322314
0.000003 1.000000 73824.000000 5131.636364
0.000002 1.000000 48728.000000 2198.118785
0.000002 1.000000 52568.000000 2719.475410
0.000002 1.000000 48728.000000 2198.118785
0.000002 1.000000 52568.000000 2719.475410
0.000002 1.000000 48728.000000 2198.118785
0.000002 1.000000 52568.000000 2719.475410
0.000002 1.000000 48728.000000 2198.118785
0.000002 1.000000 52568.000000 2719.475410
0.000002 1.000000 48728.000000 2198.118785
0.000002 1.000000 52568.000000 2719.475410
0.000002 1.000000 66536.000000 2873.469388
0.000003 1.000000 71656.000000 4681.142857
0.000002 1.000000 66536.000000 2873.469388
0.000002 1.000000 71656.000000 4681.142857
0.000002 1.000000 66536.000000 2873.469388
0.000002 1.000000 71656.000000 4681.142857
0.000002 1.000000 66536.000000 2873.469388
0.000003 1.000000 71656.000000 4681.142857
0.000002 1.000000 66536.000000 2873.469388
0.000003 1.000000 71656.000000 4681.142857
0.000002 1.000000 25720.000000 8375.500800
0.000002 1.000000 28280.000000 4608.000000
0.000002 1.000000 25720.000000 8375.500800
0.000002 1.000000 28280.000000 4608.000000
0.000001 1.000000 25720.000000 8375.500800
0.000002 1.000000 28280.000000 4608.000000
0.000002 1.000000 25720.000000 8375.500800
0.000001 1.000000 28280.000000 4608.000000
0.000002 1.000000 25720.000000 8375.500800
0.000002 1.000000 28280.000000 4608.000000
0.000002 1.000000 29880.000000 8596.543210
0.000002 1.000000 35000.000000 4266.666667
0.000002 1.000000 29880.000000 8596.543210
0.000001 1.000000 35000.000000 4266.666667
0.000002 1.000000 29880.000000 8596.543210
0.000001 1.000000 35000.000000 4266.666667
0.000001 1.000000 29880.000000 8596.543210
0.000002 1.000000 35000.000000 4266.666667
0.000001 1.000000 29880.000000 8596.543210
0.000002 1.000000 35000.000000 4266.666667
0.000001 1.000000 34951.000000 8854.373365
0.000002 1.000000 40072.000000 3972.413793
0.000002 1.000000 34951.000000 8854.373365
0.000002 1.000000 40072.000000 3972.413793
0.000002 1.000000 34951.000000 8854.373365
0.000002 1.000000 40072.000000 3972.413793
0.000002 1.000000 34951.000000 8854.373365
0.000002 1.000000 40072.000000 3972.413793
0.000002 1.000000 34951.000000 8854.373365
0.000001 1.000000 40072.000000 3972.413793
0.000002 1.000000 31400.000000 4273.214694
0.000001 1.000000 33960.000000 3291.428571
0.000002 1.000000 31400.000000 4273.214694
0.000001 1.000000 33960.000000 3291.428571
0.000002 1.000000 31400.000000 4273.214694
0.000002 1.000000 33960.000000 3291.428571
0.000002 1.000000 31400.000000 4273.214694
0.000002 1.000000 33960.000000 3291.428571
0.000001 1.000000 31400.000000 4273.214694
0.000002 1.000000 33960.000000 3291.428571
0.000002 1.000000 36680.000000 4577.706355
0.000002 1.000000 41800.000000 3113.513514
0.000001 1.000000 36680.000000 4577.706355
0.000002 1.000000 41800.000000 3113.513514
0.000002 1.000000 36680.000000 4577.706355
0.000001 1.000000 41800.000000 3113.513514
0.000001 1.000000 36680.000000 4577.706355
0.000002 1.000000 41800.000000 3113.513514
0.000002 1.000000 36680.000000 4577.706355
0.000001 1.000000 41800.000000 3113.513514
0.000002 1.000000 44312.000000 4895.810651
0.000002 1.000000 49432.000000 4253.538462
0.000002 1.000000 44312.000000 4895.810651
0.000002 1.000000 49432.000000 4253.538462
0.000001 1.000000 44312.000000 4895.810651
0.000003 1.000000 49432.000000 4253.538462
0.000002 1.000000 44312.000000 4895.810651
0.000002 1.000000 49432.000000 4253.538462
0.000002 1.000000 44312.000000 4895.810651
0.000003 1.000000 49432.000000 4253.538462
0.000002 1.000000 39495.000000 2369.709371
0.000001 1.000000 42055.000000 3529.531915
0.000002 1.000000 39495.000000 2369.709371
0.000002 1.000000 42055.000000 3529.531915
0.000002 1.000000 39495.000000 2369.709371
0.000002 1.000000 42055.000000 3529.531915
0.000001 1.000000 39495.000000 2369.709371
0.000001 1.000000 42055.000000 3529.531915
0.000002 1.000000 39495.000000 2369.709371
0.000001 1.000000 42055.000000 3529.531915
0.000002 1.000000 47400.000000 4078.300708
0.000002 1.000000 51240.000000 3385.469388
0.000002 1.000000 47400.000000 4078.300708
0.000002 1.000000 51240.000000 3385.469388
0.000002 1.000000 47400.000000 4078.300708
0.000002 1.000000 51240.000000 3385.469388
0.000001 1.000000 47400.000000 4078.300708
0.000002 1.000000 51240.000000 3385.469388
0.000002 1.000000 47400.000000 4078.300708
0.000002 1.000000 51240.000000 3385.469388
0.000002 1.000000 54008.000000 2862.948097
0.000002 1.000000 59128.000000 3252.705882
0.000002 1.000000 54008.000000 2862.948097
0.000002 1.000000 59128.000000 3252.705882
0.000001 1.000000 54008.000000 2862.948097
0.000002 1.000000 59128.000000 3252.705882
0.000002 1.000000 54008.000000 2862.948097
0.000002 1.000000 59128.000000 3252.705882
0.000002 1.000000 54008.000000 2862.948097
0.000002 1.000000 59128.000000 3252.705882
0.000002 1.000000 48728.000000 2198.118785
0.000002 1.000000 50008.000000 2719.475410
0.000002 1.000000 48728.000000 2198.118785
0.000002 1.000000 50008.000000 2719.475410
0.000001 1.000000 48728.000000 2198.118785
0.000001 1.000000 50008.000000 2719.475410
0.000002 1.000000 48728.000000 2198.118785
0.000002 1.000000 50008.000000 2719.475410
0.000002 1.000000 48728.000000 2198.118785
0.000002 1.000000 50008.000000 2719.475410
0.000003 1.000000 56919.000000 2467.120181
0.000002 1.000000 60759.000000 2633.142857
0.000002 1.000000 56919.000000 2467.120181
0.000002 1.000000 60759.000000 2633.142857
0.000002 1.000000 56919.000000 2467.120181
0.000002 1.000000 60759.000000 2633.142857
0.000002 1.000000 56919.000000 2467.120181
0.000002 1.000000 60759.000000 2633.142857
0.000002 1.000000 56919.000000 2467.120181
0.000002 1.000000 60759.000000 2633.142857
0.000001 1.000000 25720.000000 8375.500800
0.000002 1.000000 28280.000000 4608.000000
0.000001 1.000000 25720.000000 8375.500800
0.000002 1.000000 28280.000000 4608.000000
0.000001 1.000000 25720.000000 8375.500800
0.000001 1.000000 28280.000000 4608.000000
0.000001 1.000000 25720.000000 8375.500800
0.000002 1.000000 28280.000000 4608.000000
0.000001 1.000000 25720.000000 8375.500800
0.000001 1.000000 28280.000000 4608.000000
0.000001 1.000000 28367.000000 7888.592593
0.000002 1.000000 30927.000000 4266.666667
0.000001 1.000000 28367.000000 7888.592593
0.000002 1.000000 30927.000000 4266.666667
0.000002 1.000000 28367.000000 7888.592593
0.000002 1.000000 30927.000000 4266.666667
0.000001 1.000000 28367.000000 7888.592593
0.000002 1.000000 30927.000000 4266.666667
0.000001 1.000000 28367.000000 7888.592593
0.000002 1.000000 30927.000000 4266.666667
0.000002 1.000000 31239.000000 7451.700357
0.000002 1.000000 36360.000000 3972.413793
0.000001 1.000000 31239.000000 7451.700357
0.000002 1.000000 36360.000000 3972.413793
0.000001 1.000000 31239.000000 7451.700357
0.000001 1.000000 36360.000000 3972.413793
0.000001 1.000000 31239.000000 7451.700357
0.000001 1.000000 36360.000000 3972.413793
0.000001 1.000000 31239.000000 7451.700357
0.000002 1.000000 36360.000000 3972.413793
0.000002 1.000000 30264.000000 4806.876033
0.000002 1.000000 32824.000000 3490.909091
0.000002 1.000000 30264.000000 4806.876033
0.000002 1.000000 32824.000000 3490.909091
0.000001 1.000000 30264.000000 4806.876033
0.000002 1.000000 32824.000000 3490.909091
0.000001 1.000000 30264.000000 4806.876033
0.000002 1.000000 32824.000000 3490.909091
0.000002 1.000000 30264.000000 4806.876033
0.000002 1.000000 32824.000000 3490.909091
0.000002 1.000000 33360.000000 4694.517551
0.000002 1.000000 35920.000000 3291.428571
0.000002 1.000000 33360.000000 4694.517551
0.000002 1.000000 35920.000000 3291.428571
0.000002 1.000000 33360.000000 4694.517551
0.000002 1.000000 35920.000000 3291.428571
0.000001 1.000000 33360.000000 4694.517551
0.000001 1.000000 35920.000000 3291.428571
0.000002 1.000000 33360.000000 4694.517551
0.000001 1.000000 35920.000000 3291.428571
0.000002 1.000000 37959.000000 4577.706355
0.000002 1.000000 43079.000000 4483.459459
0.000015 1.000000 37959.000000 4577.706355
0.000002 1.000000 43079.000000 4483.459459
0.000002 1.000000 37959.000000 4577.706355
0.000002 1.000000 43079.000000 4483.459459
0.000002 1.000000 37959.000000 4577.706355
0.000001 1.000000 43079.000000 4483.459459
0.000001 1.000000 37959.000000 4577.706355
0.000002 1.000000 43079.000000 4483.459459
0.000002 1.000000 35376.000000 2967.510204
0.000002 1.000000 40496.000000 2742.857143
0.000001 1.000000 35376.000000 2967.510204
0.000002 1.000000 40496.000000 2742.857143
0.000002 1.000000 35376.000000 2967.510204
0.000002 1.000000 40496.000000 2742.857143
0.000002 1.000000 35376.000000 2967.510204
0.000001 1.000000 40496.000000 2742.857143
0.000002 1.000000 35376.000000 2967.510204
0.000002 1.000000 40496.000000 2742.857143
0.000002 1.000000 38976.000000 2970.446281
0.000002 1.000000 44096.000000 2618.181818
0.000002 1.000000 38976.000000 2970.446281
0.000001 1.000000 44096.000000 2618.181818
0.000002 1.000000 38976.000000 2970.446281
0.000002 1.000000 44096.000000 2618.181818
0.000002 1.000000 38976.000000 2970.446281
0.000001 1.000000 44096.000000 2618.181818
0.000001 1.000000 38976.000000 2970.446281
0.000002 1.000000 44096.000000 2618.181818
0.000002 1.000000 44080.000000 2961.663516
0.000002 1.000000 46640.000000 3606.260870
0.000002 1.000000 44080.000000 2961.663516
0.000002 1.000000 46640.000000 3606.260870
0.000002 1.000000 44080.000000 2961.663516
0.000002 1.000000 46640.000000 3606.260870
0.000002 1.000000 44080.000000 2961.663516
0.000001 1.000000 46640.000000 3606.260870
0.000002 1.000000 44080.000000 2961.663516
0.000002 1.000000 46640.000000 3606.260870
0.000002 1.000000 41768.000000 2012.567474
0.000002 1.000000 44328.000000 3252.705882
0.000001 1.000000 41768.000000 2012.567474
0.000002 1.000000 44328.000000 3252.705882
0.000002 1.000000 41768.000000 2012.567474
0.000002 1.000000 44328.000000 3252.705882
0.000002 1.000000 41768.000000 2012.567474
0.000002 1.000000 44328.000000 3252.705882
0.000001 1.000000 41768.000000 2012.567474
0.000002 1.000000 44328.000000 3252.705882
0.000003 1.000000 45872.000000 2047.270915
0.000002 1.000000 50992.000000 3129.962264
0.000001 1.000000 45872.000000 2047.270915
0.000002 1.000000 50992.000000 3129.962264
0.000002 1.000000 45872.000000 2047.270915
0.000001 1.000000 50992.000000 3129.962264
0.000002 1.000000 45872.000000 2047.270915
0.000001 1.000000 50992.000000 3129.962264
0.000002 1.000000 45872.000000 2047.270915
0.000002 1.000000 50992.000000 3129.962264
2.80247186177308e-15 4.17476202281895e-11 1.96628184675092e-11
9.05990600585938e-06 1 25720 8375.5008
2.14576721191406e-06 1 28280 4608
1.9073486328125e-06 1 25720 8375.5008
9.5367431640625e-07 1 28280 4608
9.5367431640625e-07 1 25720 8375.5008
2.14576721191406e-06 1 28280 4608
2.14576721191406e-06 1 25720 8375.5008
1.9073486328125e-06 1 28280 4608
1.9073486328125e-06 1 25720 8375.5008
9.5367431640625e-07 1 28280 4608
2.14576721191406e-06 1 53608 18507.8518518518
3.09944152832031e-06 1 76648 8362.66666666666
2.14576721191406e-06 1 53608 18507.8518518518
2.86102294921875e-06 1 76648 8362.66666666666
2.14576721191406e-06 1 53608 18507.8518518518
4.05311584472656e-06 1 76648 8362.66666666666
2.14576721191406e-06 1 53608 18507.8518518518
4.05311584472656e-06 1 76648 8362.66666666666
3.09944152832031e-06 1 53608 18507.8518518518
4.05311584472656e-06 1 76648 8362.66666666666
1.9073486328125e-06 1 25720 8375.5008
1.19209289550781e-06 1 28280 4608
1.9073486328125e-06 1 25720 8375.5008
1.9073486328125e-06 1 28280 4608
1.9073486328125e-06 1 25720 8375.5008
2.14576721191406e-06 1 28280 4608
9.5367431640625e-07 1 25720 8375.5008
1.9073486328125e-06 1 28280 4608
2.14576721191406e-06 1 25720 8375.5008
2.14576721191406e-06 1 28280 4608
3.09944152832031e-06 1 38952 12844.2469135802
3.09944152832031e-06 1 49192 4266.66666666667
9.5367431640625e-07 1 38952 12844.2469135802
3.09944152832031e-06 1 49192 4266.66666666667
2.14576721191406e-06 1 38952 12844.2469135802
2.14576721191406e-06 1 49192 4266.66666666667
2.14576721191406e-06 1 38952 12844.2469135802
1.9073486328125e-06 1 49192 4266.66666666667
1.9073486328125e-06 1 38952 12844.2469135802
1.9073486328125e-06 1 49192 4266.66666666667
2.86102294921875e-06 1 67558 19725.0891795482
5.00679016113281e-06 1 99559 10169.3793103448
1.9073486328125e-06 1 67558 19725.0891795482
5.00679016113281e-06 1 99559 10169.3793103448
2.14576721191406e-06 1 67558 19725.0891795482
4.05311584472656e-06 1 99559 10169.3793103448
3.09944152832031e-06 1 67558 19725.0891795482
5.00679016113281e-06 1 99559 10169.3793103448
2.14576721191406e-06 1 67558 19725.0891795482
4.05311584472656e-06 1 99559 10169.3793103448
1.9073486328125e-06 1 40632 2180.21157850895
1.9073486328125e-06 1 43192 3385.4693877551
1.9073486328125e-06 1 40632 2180.21157850895
1.9073486328125e-06 1 43192 3385.4693877551
9.5367431640625e-07 1 40632 2180.21157850895
2.14576721191406e-06 1 43192 3385.4693877551
2.14576721191406e-06 1 40632 2180.21157850895
2.14576721191406e-06 1 43192 3385.4693877551
9.5367431640625e-07 1 40632 2180.21157850895
2.14576721191406e-06 1 43192 3385.4693877551
1.9073486328125e-06 1 67176 3599.9446366782
2.86102294921875e-06 1 76136 5782.58823529412
1.9073486328125e-06 1 67176 3599.9446366782
3.09944152832031e-06 1 76136 5782.58823529412
2.14576721191406e-06 1 67176 3599.9446366782
1.9073486328125e-06 1 76136 5782.58823529412
1.9073486328125e-06 1 67176 3599.9446366782
2.86102294921875e-06 1 76136 5782.58823529412
3.09944152832031e-06 1 67176 3599.9446366782
2.14576721191406e-06 1 76136 5782.58823529412
1.9073486328125e-06 1 25720 8375.5008
2.14576721191406e-06 1 28280 4608
9.5367431640625e-07 1 25720 8375.5008
9.5367431640625e-07 1 28280 4608
9.5367431640625e-07 1 25720 8375.5008
9.5367431640625e-07 1 28280 4608
1.9073486328125e-06 1 25720 8375.5008
2.14576721191406e-06 1 28280 4608
9.5367431640625e-07 1 25720 8375.5008
9.5367431640625e-07 1 28280 4608
1.9073486328125e-06 1 32903 10012.4444444444
1.9073486328125e-06 1 38023 4266.66666666667
9.5367431640625e-07 1 32903 10012.4444444444
2.14576721191406e-06 1 38023 4266.66666666667
1.9073486328125e-06 1 32903 10012.4444444444
1.9073486328125e-06 1 38023 4266.66666666667
9.5367431640625e-07 1 32903 10012.4444444444
1.9073486328125e-06 1 38023 4266.66666666667
1.9073486328125e-06 1 32903 10012.4444444444
1.9073486328125e-06 1 38023 4266.66666666667
2.14576721191406e-06 1 45863 12010.3876337693
2.86102294921875e-06 1 57384 7785.93103448276
1.9073486328125e-06 1 45863 12010.3876337693
2.14576721191406e-06 1 57384 7785.93103448276
1.9073486328125e-06 1 45863 12010.3876337693
2.14576721191406e-06 1 57384 7785.93103448276
1.9073486328125e-06 1 45863 12010.3876337693
2.14576721191406e-06 1 57384 7785.93103448276
2.14576721191406e-06 1 45863 12010.3876337693
2.86102294921875e-06 1 57384 7785.93103448276
1.9073486328125e-06 1 34240 3271.68
1.19209289550781e-06 1 36800 2880
1.19209289550781e-06 1 34240 3271.68
2.14576721191406e-06 1 36800 2880
9.5367431640625e-07 1 34240 3271.68
1.19209289550781e-06 1 36800 2880
1.9073486328125e-06 1 34240 3271.68
9.5367431640625e-07 1 36800 2880
9.5367431640625e-07 1 34240 3271.68
9.5367431640625e-07 1 36800 2880
3.09944152832031e-06 1 46064 4137.79591836735
2.14576721191406e-06 1 52464 3949.71428571429
1.9073486328125e-06 1 46064 4137.79591836735
1.9073486328125e-06 1 52464 3949.71428571429
2.14576721191406e-06 1 46064 4137.79591836735
2.14576721191406e-06 1 52464 3949.71428571429
2.14576721191406e-06 1 46064 4137.79591836735
2.14576721191406e-06 1 52464 3949.71428571429
2.14576721191406e-06 1 46064 4137.79591836735
2.86102294921875e-06 1 52464 3949.71428571429
3.09944152832031e-06 1 62304 5217.32231404959
3.09944152832031e-06 1 73824 5131.63636363636
2.14576721191406e-06 1 62304 5217.32231404959
2.86102294921875e-06 1 73824 5131.63636363636
2.14576721191406e-06 1 62304 5217.32231404959
1.9073486328125e-06 1 73824 5131.63636363636
1.9073486328125e-06 1 62304 5217.32231404959
2.14576721191406e-06 1 73824 5131.63636363636
3.09944152832031e-06 1 62304 5217.32231404959
2.09808349609375e-05 1 73824 5131.63636363636
1.9073486328125e-06 1 48728 2198.11878527278
1.9073486328125e-06 1 52568 2719.47540983607
1.9073486328125e-06 1 48728 2198.11878527278
1.9073486328125e-06 1 52568 2719.47540983607
1.9073486328125e-06 1 48728 2198.11878527278
9.5367431640625e-07 1 52568 2719.47540983607
9.5367431640625e-07 1 48728 2198.11878527278
1.9073486328125e-06 1 52568 2719.47540983607
2.14576721191406e-06 1 48728 2198.11878527278
1.9073486328125e-06 1 52568 2719.47540983607
2.86102294921875e-06 1 66536 2873.4693877551
3.09944152832031e-06 1 71656 4681.14285714286
1.9073486328125e-06 1 66536 2873.4693877551
2.86102294921875e-06 1 71656 4681.14285714286
2.14576721191406e-06 1 66536 2873.4693877551
1.9073486328125e-06 1 71656 4681.14285714286
2.14576721191406e-06 1 66536 2873.4693877551
1.9073486328125e-06 1 71656 4681.14285714286
2.14576721191406e-06 1 66536 2873.4693877551
2.14576721191406e-06 1 71656 4681.14285714286
2.14576721191406e-06 1 25720 8375.5008
1.9073486328125e-06 1 28280 4608
2.14576721191406e-06 1 25720 8375.5008
2.14576721191406e-06 1 28280 4608
9.5367431640625e-07 1 25720 8375.5008
1.19209289550781e-06 1 28280 4608
1.9073486328125e-06 1 25720 8375.5008
2.14576721191406e-06 1 28280 4608
1.9073486328125e-06 1 25720 8375.5008
9.5367431640625e-07 1 28280 4608
2.14576721191406e-06 1 29880 8596.54320987654
1.9073486328125e-06 1 35000 4266.66666666667
1.9073486328125e-06 1 29880 8596.54320987654
1.9073486328125e-06 1 35000 4266.66666666667
1.9073486328125e-06 1 29880 8596.54320987654
2.14576721191406e-06 1 35000 4266.66666666667
1.9073486328125e-06 1 29880 8596.54320987654
1.9073486328125e-06 1 35000 4266.66666666667
2.14576721191406e-06 1 29880 8596.54320987654
1.9073486328125e-06 1 35000 4266.66666666667
2.14576721191406e-06 1 34951 8854.37336504162
2.14576721191406e-06 1 40072 3972.41379310345
1.9073486328125e-06 1 34951 8854.37336504162
1.9073486328125e-06 1 40072 3972.41379310345
9.5367431640625e-07 1 34951 8854.37336504162
1.9073486328125e-06 1 40072 3972.41379310345
2.14576721191406e-06 1 34951 8854.37336504162
1.9073486328125e-06 1 40072 3972.41379310345
2.14576721191406e-06 1 34951 8854.37336504162
1.9073486328125e-06 1 40072 3972.41379310345
9.5367431640625e-07 1 31400 4273.21469387755
1.9073486328125e-06 1 33960 3291.42857142857
9.5367431640625e-07 1 31400 4273.21469387755
2.14576721191406e-06 1 33960 3291.42857142857
9.5367431640625e-07 1 31400 4273.21469387755
1.9073486328125e-06 1 33960 3291.42857142857
1.9073486328125e-06 1 31400 4273.21469387755
1.9073486328125e-06 1 33960 3291.42857142857
2.14576721191406e-06 1 31400 4273.21469387755
1.9073486328125e-06 1 33960 3291.42857142857
1.9073486328125e-06 1 36680 4577.70635500365
1.9073486328125e-06 1 41800 3113.51351351351
1.9073486328125e-06 1 36680 4577.70635500365
2.14576721191406e-06 1 41800 3113.51351351351
9.5367431640625e-07 1 36680 4577.70635500365
9.5367431640625e-07 1 41800 3113.51351351351
9.5367431640625e-07 1 36680 4577.70635500365
2.14576721191406e-06 1 41800 3113.51351351351
9.5367431640625e-07 1 36680 4577.70635500365
1.9073486328125e-06 1 41800 3113.51351351351
1.9073486328125e-06 1 44312 4895.81065088757
3.09944152832031e-06 1 49432 4253.53846153846
2.14576721191406e-06 1 44312 4895.81065088757
2.14576721191406e-06 1 49432 4253.53846153846
1.9073486328125e-06 1 44312 4895.81065088757
3.09944152832031e-06 1 49432 4253.53846153846
1.9073486328125e-06 1 44312 4895.81065088757
3.09944152832031e-06 1 49432 4253.53846153846
9.5367431640625e-07 1 44312 4895.81065088757
2.14576721191406e-06 1 49432 4253.53846153846
2.14576721191406e-06 1 39495 2369.709370756
9.5367431640625e-07 1 42055 3529.53191489362
2.14576721191406e-06 1 39495 2369.709370756
2.14576721191406e-06 1 42055 3529.53191489362
9.5367431640625e-07 1 39495 2369.709370756
9.5367431640625e-07 1 42055 3529.53191489362
1.9073486328125e-06 1 39495 2369.709370756
9.5367431640625e-07 1 42055 3529.53191489362
1.19209289550781e-06 1 39495 2369.709370756
1.9073486328125e-06 1 42055 3529.53191489362
1.9073486328125e-06 1 47400 4078.30070803832
1.9073486328125e-06 1 51240 3385.4693877551
1.9073486328125e-06 1 47400 4078.30070803832
1.9073486328125e-06 1 51240 3385.4693877551
9.5367431640625e-07 1 47400 4078.30070803832
1.9073486328125e-06 1 51240 3385.4693877551
2.14576721191406e-06 1 47400 4078.30070803832
2.14576721191406e-06 1 51240 3385.4693877551
1.9073486328125e-06 1 47400 4078.30070803832
1.9073486328125e-06 1 51240 3385.4693877551
1.9073486328125e-06 1 54008 2862.94809688581
1.9073486328125e-06 1 59128 3252.70588235294
2.14576721191406e-06 1 54008 2862.94809688581
2.14576721191406e-06 1 59128 3252.70588235294
2.14576721191406e-06 1 54008 2862.94809688581
2.14576721191406e-06 1 59128 3252.70588235294
2.14576721191406e-06 1 54008 2862.94809688581
1.9073486328125e-06 1 59128 3252.70588235294
2.14576721191406e-06 1 54008 2862.94809688581
2.14576721191406e-06 1 59128 3252.70588235294
3.09944152832031e-06 1 48728 2198.11878527278
1.9073486328125e-06 1 50008 2719.47540983607
2.14576721191406e-06 1 48728 2198.11878527278
1.9073486328125e-06 1 50008 2719.47540983607
1.9073486328125e-06 1 48728 2198.11878527278
1.9073486328125e-06 1 50008 2719.47540983607
1.9073486328125e-06 1 48728 2198.11878527278
2.14576721191406e-06 1 50008 2719.47540983607
1.9073486328125e-06 1 48728 2198.11878527278
9.5367431640625e-07 1 50008 2719.47540983607
1.9073486328125e-06 1 56919 2467.1201814059
1.9073486328125e-06 1 60759 2633.14285714286
2.14576721191406e-06 1 56919 2467.1201814059
2.14576721191406e-06 1 60759 2633.14285714286
1.9073486328125e-06 1 56919 2467.1201814059
1.9073486328125e-06 1 60759 2633.14285714286
9.5367431640625e-07 1 56919 2467.1201814059
2.14576721191406e-06 1 60759 2633.14285714286
1.9073486328125e-06 1 56919 2467.1201814059
1.9073486328125e-06 1 60759 2633.14285714286
2.14576721191406e-06 1 25720 8375.5008
9.5367431640625e-07 1 28280 4608
1.9073486328125e-06 1 25720 8375.5008
2.14576721191406e-06 1 28280 4608
1.9073486328125e-06 1 25720 8375.5008
1.9073486328125e-06 1 28280 4608
2.14576721191406e-06 1 25720 8375.5008
1.9073486328125e-06 1 28280 4608
9.5367431640625e-07 1 25720 8375.5008
2.14576721191406e-06 1 28280 4608
1.9073486328125e-06 1 28367 7888.59259259259
2.14576721191406e-06 1 30927 4266.66666666667
9.5367431640625e-07 1 28367 7888.59259259259
1.9073486328125e-06 1 30927 4266.66666666667
1.9073486328125e-06 1 28367 7888.59259259259
9.5367431640625e-07 1 30927 4266.66666666667
1.9073486328125e-06 1 28367 7888.59259259259
9.5367431640625e-07 1 30927 4266.66666666667
1.19209289550781e-06 1 28367 7888.59259259259
2.14576721191406e-06 1 30927 4266.66666666667
2.14576721191406e-06 1 31239 7451.70035671819
1.9073486328125e-06 1 36360 3972.41379310345
1.9073486328125e-06 1 31239 7451.70035671819
2.14576721191406e-06 1 36360 3972.41379310345
9.5367431640625e-07 1 31239 7451.70035671819
1.9073486328125e-06 1 36360 3972.41379310345
2.14576721191406e-06 1 31239 7451.70035671819
1.9073486328125e-06 1 36360 3972.41379310345
9.5367431640625e-07 1 31239 7451.70035671819
1.19209289550781e-06 1 36360 3972.41379310345
1.9073486328125e-06 1 30264 4806.87603305785
2.14576721191406e-06 1 32824 3490.90909090909
9.5367431640625e-07 1 30264 4806.87603305785
2.14576721191406e-06 1 32824 3490.90909090909
1.19209289550781e-06 1 30264 4806.87603305785
1.9073486328125e-06 1 32824 3490.90909090909
2.14576721191406e-06 1 30264 4806.87603305785
2.14576721191406e-06 1 32824 3490.90909090909
2.14576721191406e-06 1 30264 4806.87603305785
1.9073486328125e-06 1 32824 3490.90909090909
3.09944152832031e-06 1 33360 4694.51755102041
1.9073486328125e-06 1 35920 3291.42857142857
9.5367431640625e-07 1 33360 4694.51755102041
9.5367431640625e-07 1 35920 3291.42857142857
1.9073486328125e-06 1 33360 4694.51755102041
1.9073486328125e-06 1 35920 3291.42857142857
1.19209289550781e-06 1 33360 4694.51755102041
1.9073486328125e-06 1 35920 3291.42857142857
1.9073486328125e-06 1 33360 4694.51755102041
1.9073486328125e-06 1 35920 3291.42857142857
1.9073486328125e-06 1 37959 4577.70635500365
1.9073486328125e-06 1 43079 4483.45945945946
2.14576721191406e-06 1 37959 4577.70635500365
2.14576721191406e-06 1 43079 4483.45945945946
1.19209289550781e-06 1 37959 4577.70635500365
1.9073486328125e-06 1 43079 4483.45945945946
1.9073486328125e-06 1 37959 4577.70635500365
2.14576721191406e-06 1 43079 4483.45945945946
1.9073486328125e-06 1 37959 4577.70635500365
2.14576721191406e-06 1 43079 4483.45945945946
1.9073486328125e-06 1 35376 2967.51020408163
2.14576721191406e-06 1 40496 2742.85714285714
1.9073486328125e-06 1 35376 2967.51020408163
1.9073486328125e-06 1 40496 2742.85714285714
9.5367431640625e-07 1 35376 2967.51020408163
9.5367431640625e-07 1 40496 2742.85714285714
9.5367431640625e-07 1 35376 2967.51020408163
2.14576721191406e-06 1 40496 2742.85714285714
9.5367431640625e-07 1 35376 2967.51020408163
1.9073486328125e-06 1 40496 2742.85714285714
2.14576721191406e-06 1 38976 2970.44628099174
2.14576721191406e-06 1 44096 2618.18181818182
1.9073486328125e-06 1 38976 2970.44628099174
1.9073486328125e-06 1 44096 2618.18181818182
9.5367431640625e-07 1 38976 2970.44628099174
1.9073486328125e-06 1 44096 2618.18181818182
9.5367431640625e-07 1 38976 2970.44628099174
1.9073486328125e-06 1 44096 2618.18181818182
2.14576721191406e-06 1 38976 2970.44628099174
9.5367431640625e-07 1 44096 2618.18181818182
3.09944152832031e-06 1 44080 2961.66351606805
1.9073486328125e-06 1 46640 3606.26086956522
1.9073486328125e-06 1 44080 2961.66351606805
2.14576721191406e-06 1 46640 3606.26086956522
1.9073486328125e-06 1 44080 2961.66351606805
1.9073486328125e-06 1 46640 3606.26086956522
2.14576721191406e-06 1 44080 2961.66351606805
2.14576721191406e-06 1 46640 3606.26086956522
1.9073486328125e-06 1 44080 2961.66351606805
2.14576721191406e-06 1 46640 3606.26086956522
1.9073486328125e-06 1 41768 2012.56747404844
1.9073486328125e-06 1 44328 3252.70588235294
2.14576721191406e-06 1 41768 2012.56747404844
9.5367431640625e-07 1 44328 3252.70588235294
2.14576721191406e-06 1 41768 2012.56747404844
1.9073486328125e-06 1 44328 3252.70588235294
1.9073486328125e-06 1 41768 2012.56747404844
1.9073486328125e-06 1 44328 3252.70588235294
2.14576721191406e-06 1 41768 2012.56747404844
2.14576721191406e-06 1 44328 3252.70588235294
1.9073486328125e-06 1 45872 2047.27091491634
1.9073486328125e-06 1 50992 3129.96226415094
9.5367431640625e-07 1 45872 2047.27091491634
1.9073486328125e-06 1 50992 3129.96226415094
2.14576721191406e-06 1 45872 2047.27091491634
1.9073486328125e-06 1 50992 3129.96226415094
1.9073486328125e-06 1 45872 2047.27091491634
9.5367431640625e-07 1 50992 3129.96226415094
1.9073486328125e-06 1 45872 2047.27091491634
1.9073486328125e-06 1 50992 3129.96226415094
0.00 0.00 0.00
0.00 1.00 25720.00 8375.50
0.00 1.00 28280.00 4608.00
0.00 1.00 25720.00 8375.50
0.00 1.00 28280.00 4608.00
0.00 1.00 25720.00 8375.50
0.00 1.00 28280.00 4608.00
0.00 1.00 25720.00 8375.50
0.00 1.00 28280.00 4608.00
0.00 1.00 25720.00 8375.50
0.00 1.00 28280.00 4608.00
0.00 1.00 53608.00 18507.85
0.00 1.00 76648.00 8362.67
0.00 1.00 53608.00 18507.85
0.00 1.00 76648.00 8362.67
0.00 1.00 53608.00 18507.85
0.00 1.00 76648.00 8362.67
0.00 1.00 53608.00 18507.85
0.00 1.00 76648.00 8362.67
0.00 1.00 53608.00 18507.85
0.00 1.00 76648.00 8362.67
0.00 1.00 25720.00 8375.50
0.00 1.00 28280.00 4608.00
0.00 1.00 25720.00 8375.50
0.00 1.00 28280.00 4608.00
0.00 1.00 25720.00 8375.50
0.00 1.00 28280.00 4608.00
0.00 1.00 25720.00 8375.50
0.00 1.00 28280.00 4608.00
0.00 1.00 25720.00 8375.50
0.00 1.00 28280.00 4608.00
0.00 1.00 38952.00 12844.25
0.00 1.00 49192.00 4266.67
0.00 1.00 38952.00 12844.25
0.00 1.00 49192.00 4266.67
0.00 1.00 38952.00 12844.25
0.00 1.00 49192.00 4266.67
0.00 1.00 38952.00 12844.25
0.00 1.00 49192.00 4266.67
0.00 1.00 38952.00 12844.25
0.00 1.00 49192.00 4266.67
0.00 1.00 67558.00 19725.09
0.00 1.00 99559.00 10169.38
0.00 1.00 67558.00 19725.09
0.00 1.00 99559.00 10169.38
0.00 1.00 67558.00 19725.09
0.00 1.00 99559.00 10169.38
0.00 1.00 67558.00 19725.09
0.00 1.00 99559.00 10169.38
0.00 1.00 67558.00 19725.09
0.00 1.00 99559.00 10169.38
0.00 1.00 40632.00 2180.21
0.00 1.00 43192.00 3385.47
0.00 1.00 40632.00 2180.21
0.00 1.00 43192.00 3385.47
0.00 1.00 40632.00 2180.21
0.00 1.00 43192.00 3385.47
0.00 1.00 40632.00 2180.21
0.00 1.00 43192.00 3385.47
0.00 1.00 40632.00 2180.21
0.00 1.00 43192.00 3385.47
0.00 1.00 67176.00 3599.94
0.00 1.00 76136.00 5782.59
0.00 1.00 67176.00 3599.94
0.00 1.00 76136.00 5782.59
0.00 1.00 67176.00 3599.94
0.00 1.00 76136.00 5782.59
0.00 1.00 67176.00 3599.94
0.00 1.00 76136.00 5782.59
0.00 1.00 67176.00 3599.94
0.00 1.00 76136.00 5782.59
0.00 1.00 25720.00 8375.50
0.00 1.00 28280.00 4608.00
0.00 1.00 25720.00 8375.50
0.00 1.00 28280.00 4608.00
0.00 1.00 25720.00 8375.50
0.00 1.00 28280.00 4608.00
0.00 1.00 25720.00 8375.50
0.00 1.00 28280.00 4608.00
0.00 1.00 25720.00 8375.50
0.00 1.00 28280.00 4608.00
0.00 1.00 32903.00 10012.44
0.00 1.00 38023.00 4266.67
0.00 1.00 32903.00 10012.44
0.00 1.00 38023.00 4266.67
0.00 1.00 32903.00 10012.44
0.00 1.00 38023.00 4266.67
0.00 1.00 32903.00 10012.44
0.00 1.00 38023.00 4266.67
0.00 1.00 32903.00 10012.44
0.00 1.00 38023.00 4266.67
0.00 1.00 45863.00 12010.39
0.00 1.00 57384.00 7785.93
0.00 1.00 45863.00 12010.39
0.00 1.00 57384.00 7785.93
0.00 1.00 45863.00 12010.39
0.00 1.00 57384.00 7785.93
0.00 1.00 45863.00 12010.39
0.00 1.00 57384.00 7785.93
0.00 1.00 45863.00 12010.39
0.00 1.00 57384.00 7785.93
0.00 1.00 34240.00 3271.68
0.00 1.00 36800.00 2880.00
0.00 1.00 34240.00 3271.68
0.00 1.00 36800.00 2880.00
0.00 1.00 34240.00 3271.68
0.00 1.00 36800.00 2880.00
0.00 1.00 34240.00 3271.68
0.00 1.00 36800.00 2880.00
0.00 1.00 34240.00 3271.68
0.00 1.00 36800.00 2880.00
0.00 1.00 46064.00 4137.80
0.00 1.00 52464.00 3949.71
0.00 1.00 46064.00 4137.80
0.00 1.00 52464.00 3949.71
0.00 1.00 46064.00 4137.80
0.00 1.00 52464.00 3949.71
0.00 1.00 46064.00 4137.80
0.00 1.00 52464.00 3949.71
0.00 1.00 46064.00 4137.80
0.00 1.00 52464.00 3949.71
0.00 1.00 62304.00 5217.32
0.00 1.00 73824.00 5131.64
0.00 1.00 62304.00 5217.32
0.00 1.00 73824.00 5131.64
0.00 1.00 62304.00 5217.32
0.00 1.00 73824.00 5131.64
0.00 1.00 62304.00 5217.32
0.00 1.00 73824.00 5131.64
0.00 1.00 62304.00 5217.32
0.00 1.00 73824.00 5131.64
0.00 1.00 48728.00 2198.12
0.00 1.00 52568.00 2719.48
0.00 1.00 48728.00 2198.12
0.00 1.00 52568.00 2719.48
0.00 1.00 48728.00 2198.12
0.00 1.00 52568.00 2719.48
0.00 1.00 48728.00 2198.12
0.00 1.00 52568.00 2719.48
0.00 1.00 48728.00 2198.12
0.00 1.00 52568.00 2719.48
0.00 1.00 66536.00 2873.47
0.00 1.00 71656.00 4681.14
0.00 1.00 66536.00 2873.47
0.00 1.00 71656.00 4681.14
0.00 1.00 66536.00 2873.47
0.00 1.00 71656.00 4681.14
0.00 1.00 66536.00 2873.47
0.00 1.00 71656.00 4681.14
0.00 1.00 66536.00 2873.47
0.00 1.00 71656.00 4681.14
0.00 1.00 25720.00 8375.50
0.00 1.00 28280.00 4608.00
0.00 1.00 25720.00 8375.50
0.00 1.00 28280.00 4608.00
0.00 1.00 25720.00 8375.50
0.00 1.00 28280.00 4608.00
0.00 1.00 25720.00 8375.50
0.00 1.00 28280.00 4608.00
0.00 1.00 25720.00 8375.50
0.00 1.00 28280.00 4608.00
0.00 1.00 29880.00 8596.54
0.00 1.00 35000.00 4266.67
0.00 1.00 29880.00 8596.54
0.00 1.00 35000.00 4266.67
0.00 1.00 29880.00 8596.54
0.00 1.00 35000.00 4266.67
0.00 1.00 29880.00 8596.54
0.00 1.00 35000.00 4266.67
0.00 1.00 29880.00 8596.54
0.00 1.00 35000.00 4266.67
0.00 1.00 34951.00 8854.37
0.00 1.00 40072.00 3972.41
0.00 1.00 34951.00 8854.37
0.00 1.00 40072.00 3972.41
0.00 1.00 34951.00 8854.37
0.00 1.00 40072.00 3972.41
0.00 1.00 34951.00 8854.37
0.00 1.00 40072.00 3972.41
0.00 1.00 34951.00 8854.37
0.00 1.00 40072.00 3972.41
0.00 1.00 31400.00 4273.21
0.00 1.00 33960.00 3291.43
0.00 1.00 31400.00 4273.21
0.00 1.00 33960.00 3291.43
0.00 1.00 31400.00 4273.21
0.00 1.00 33960.00 3291.43
0.00 1.00 31400.00 4273.21
0.00 1.00 33960.00 3291.43
0.00 1.00 31400.00 4273.21
0.00 1.00 33960.00 3291.43
0.00 1.00 36680.00 4577.71
0.00 1.00 41800.00 3113.51
0.00 1.00 36680.00 4577.71
0.00 1.00 41800.00 3113.51
0.00 1.00 36680.00 4577.71
0.00 1.00 41800.00 3113.51
0.00 1.00 36680.00 4577.71
0.00 1.00 41800.00 3113.51
0.00 1.00 36680.00 4577.71
0.00 1.00 41800.00 3113.51
0.00 1.00 44312.00 4895.81
0.00 1.00 49432.00 4253.54
0.00 1.00 44312.00 4895.81
0.00 1.00 49432.00 4253.54
0.00 1.00 44312.00 4895.81
0.00 1.00 49432.00 4253.54
0.00 1.00 44312.00 4895.81
0.00 1.00 49432.00 4253.54
0.00 1.00 44312.00 4895.81
0.00 1.00 49432.00 4253.54
0.00 1.00 39495.00 2369.71
0.00 1.00 42055.00 3529.53
0.00 1.00 39495.00 2369.71
0.00 1.00 42055.00 3529.53
0.00 1.00 39495.00 2369.71
0.00 1.00 42055.00 3529.53
0.00 1.00 39495.00 2369.71
0.00 1.00 42055.00 3529.53
0.00 1.00 39495.00 2369.71
0.00 1.00 42055.00 3529.53
0.00 1.00 47400.00 4078.30
0.00 1.00 51240.00 3385.47
0.00 1.00 47400.00 4078.30
0.00 1.00 51240.00 3385.47
0.00 1.00 47400.00 4078.30
0.00 1.00 51240.00 3385.47
0.00 1.00 47400.00 4078.30
0.00 1.00 51240.00 3385.47
0.00 1.00 47400.00 4078.30
0.00 1.00 51240.00 3385.47
0.00 1.00 54008.00 2862.95
0.00 1.00 59128.00 3252.71
0.00 1.00 54008.00 2862.95
0.00 1.00 59128.00 3252.71
0.00 1.00 54008.00 2862.95
0.00 1.00 59128.00 3252.71
0.00 1.00 54008.00 2862.95
0.00 1.00 59128.00 3252.71
0.00 1.00 54008.00 2862.95
0.00 1.00 59128.00 3252.71
0.00 1.00 48728.00 2198.12
0.00 1.00 50008.00 2719.48
0.00 1.00 48728.00 2198.12
0.00 1.00 50008.00 2719.48
0.00 1.00 48728.00 2198.12
0.00 1.00 50008.00 2719.48
0.00 1.00 48728.00 2198.12
0.00 1.00 50008.00 2719.48
0.00 1.00 48728.00 2198.12
0.00 1.00 50008.00 2719.48
0.00 1.00 56919.00 2467.12
0.00 1.00 60759.00 2633.14
0.00 1.00 56919.00 2467.12
0.00 1.00 60759.00 2633.14
0.00 1.00 56919.00 2467.12
0.00 1.00 60759.00 2633.14
0.00 1.00 56919.00 2467.12
0.00 1.00 60759.00 2633.14
0.00 1.00 56919.00 2467.12
0.00 1.00 60759.00 2633.14
0.00 1.00 25720.00 8375.50
0.00 1.00 28280.00 4608.00
0.00 1.00 25720.00 8375.50
0.00 1.00 28280.00 4608.00
0.00 1.00 25720.00 8375.50
0.00 1.00 28280.00 4608.00
0.00 1.00 25720.00 8375.50
0.00 1.00 28280.00 4608.00
0.00 1.00 25720.00 8375.50
0.00 1.00 28280.00 4608.00
0.00 1.00 28367.00 7888.59
0.00 1.00 30927.00 4266.67
0.00 1.00 28367.00 7888.59
0.00 1.00 30927.00 4266.67
0.00 1.00 28367.00 7888.59
0.00 1.00 30927.00 4266.67
0.00 1.00 28367.00 7888.59
0.00 1.00 30927.00 4266.67
0.00 1.00 28367.00 7888.59
0.00 1.00 30927.00 4266.67
0.00 1.00 31239.00 7451.70
0.00 1.00 36360.00 3972.41
0.00 1.00 31239.00 7451.70
0.00 1.00 36360.00 3972.41
0.00 1.00 31239.00 7451.70
0.00 1.00 36360.00 3972.41
0.00 1.00 31239.00 7451.70
0.00 1.00 36360.00 3972.41
0.00 1.00 31239.00 7451.70
0.00 1.00 36360.00 3972.41
0.00 1.00 30264.00 4806.88
0.00 1.00 32824.00 3490.91
0.00 1.00 30264.00 4806.88
0.00 1.00 32824.00 3490.91
0.00 1.00 30264.00 4806.88
0.00 1.00 32824.00 3490.91
0.00 1.00 30264.00 4806.88
0.00 1.00 32824.00 3490.91
0.00 1.00 30264.00 4806.88
0.00 1.00 32824.00 3490.91
0.00 1.00 33360.00 4694.52
0.00 1.00 35920.00 3291.43
0.00 1.00 33360.00 4694.52
0.00 1.00 35920.00 3291.43
0.00 1.00 33360.00 4694.52
0.00 1.00 35920.00 3291.43
0.00 1.00 33360.00 4694.52
0.00 1.00 35920.00 3291.43
0.00 1.00 33360.00 4694.52
0.00 1.00 35920.00 3291.43
0.00 1.00 37959.00 4577.71
0.00 1.00 43079.00 4483.46
0.00 1.00 37959.00 4577.71
0.00 1.00 43079.00 4483.46
0.00 1.00 37959.00 4577.71
0.00 1.00 43079.00 4483.46
0.00 1.00 37959.00 4577.71
0.00 1.00 43079.00 4483.46
0.00 1.00 37959.00 4577.71
0.00 1.00 43079.00 4483.46
0.00 1.00 35376.00 2967.51
0.00 1.00 40496.00 2742.86
0.00 1.00 35376.00 2967.51
0.00 1.00 40496.00 2742.86
0.00 1.00 35376.00 2967.51
0.00 1.00 40496.00 2742.86
0.00 1.00 35376.00 2967.51
0.00 1.00 40496.00 2742.86
0.00 1.00 35376.00 2967.51
0.00 1.00 40496.00 2742.86
0.00 1.00 38976.00 2970.45
0.00 1.00 44096.00 2618.18
0.00 1.00 38976.00 2970.45
0.00 1.00 44096.00 2618.18
0.00 1.00 38976.00 2970.45
0.00 1.00 44096.00 2618.18
0.00 1.00 38976.00 2970.45
0.00 1.00 44096.00 2618.18
0.00 1.00 38976.00 2970.45
0.00 1.00 44096.00 2618.18
0.00 0.00 0.00
0.00 1.00 25720.00 8375.50
0.00 1.00 28280.00 4608.00
0.00 1.00 25720.00 8375.50
0.00 1.00 28280.00 4608.00
0.00 1.00 25720.00 8375.50
0.00 1.00 28280.00 4608.00
0.00 1.00 25720.00 8375.50
0.00 1.00 28280.00 4608.00
0.00 1.00 25720.00 8375.50
0.00 1.00 28280.00 4608.00
0.00 1.00 53608.00 18507.85
0.00 1.00 76648.00 8362.67
0.00 1.00 53608.00 18507.85
0.00 1.00 76648.00 8362.67
0.00 1.00 53608.00 18507.85
0.00 1.00 76648.00 8362.67
0.00 1.00 53608.00 18507.85
0.00 1.00 76648.00 8362.67
0.00 1.00 53608.00 18507.85
0.00 1.00 76648.00 8362.67
0.00 1.00 25720.00 8375.50
0.00 1.00 28280.00 4608.00
0.00 1.00 25720.00 8375.50
0.00 1.00 28280.00 4608.00
0.00 1.00 25720.00 8375.50
0.00 1.00 28280.00 4608.00
0.00 1.00 25720.00 8375.50
0.00 1.00 28280.00 4608.00
0.00 1.00 25720.00 8375.50
0.00 1.00 28280.00 4608.00
0.00 1.00 38952.00 12844.25
0.00 1.00 49192.00 4266.67
0.00 1.00 38952.00 12844.25
0.00 1.00 49192.00 4266.67
0.00 1.00 38952.00 12844.25
0.00 1.00 49192.00 4266.67
0.00 1.00 38952.00 12844.25
0.00 1.00 49192.00 4266.67
0.00 1.00 38952.00 12844.25
0.00 1.00 49192.00 4266.67
0.00 1.00 67558.00 19725.09
0.00 1.00 99559.00 10169.38
0.00 1.00 67558.00 19725.09
0.00 1.00 99559.00 10169.38
0.00 1.00 67558.00 19725.09
0.00 1.00 99559.00 10169.38
0.00 1.00 67558.00 19725.09
0.00 1.00 99559.00 10169.38
0.00 1.00 67558.00 19725.09
0.00 1.00 99559.00 10169.38
0.00 1.00 40632.00 2180.21
0.00 1.00 43192.00 3385.47
0.00 1.00 40632.00 2180.21
0.00 1.00 43192.00 3385.47
0.00 1.00 40632.00 2180.21
0.00 1.00 43192.00 3385.47
0.00 1.00 40632.00 2180.21
0.00 1.00 43192.00 3385.47
0.00 1.00 40632.00 2180.21
0.00 1.00 43192.00 3385.47
0.00 1.00 67176.00 3599.94
0.00 1.00 76136.00 5782.59
0.00 1.00 67176.00 3599.94
0.00 1.00 76136.00 5782.59
0.00 1.00 67176.00 3599.94
0.00 1.00 76136.00 5782.59
0.00 1.00 67176.00 3599.94
0.00 1.00 76136.00 5782.59
0.00 1.00 67176.00 3599.94
0.00 1.00 76136.00 5782.59
0.00 1.00 25720.00 8375.50
0.00 1.00 28280.00 4608.00
0.00 1.00 25720.00 8375.50
0.00 1.00 28280.00 4608.00
0.00 1.00 25720.00 8375.50
0.00 1.00 28280.00 4608.00
0.00 1.00 25720.00 8375.50
0.00 1.00 28280.00 4608.00
0.00 1.00 25720.00 8375.50
0.00 1.00 28280.00 4608.00
0.00 1.00 32903.00 10012.44
0.00 1.00 38023.00 4266.67
0.00 1.00 32903.00 10012.44
0.00 1.00 38023.00 4266.67
0.00 1.00 32903.00 10012.44
0.00 1.00 38023.00 4266.67
0.00 1.00 32903.00 10012.44
0.00 1.00 38023.00 4266.67
0.00 1.00 32903.00 10012.44
0.00 1.00 38023.00 4266.67
0.00 1.00 45863.00 12010.39
0.00 1.00 57384.00 7785.93
0.00 1.00 45863.00 12010.39
0.00 1.00 57384.00 7785.93
0.00 1.00 45863.00 12010.39
0.00 1.00 57384.00 7785.93
0.00 1.00 45863.00 12010.39
0.00 1.00 57384.00 7785.93
0.00 1.00 45863.00 12010.39
0.00 1.00 57384.00 7785.93
0.00 1.00 34240.00 3271.68
0.00 1.00 36800.00 2880.00
0.00 1.00 34240.00 3271.68
0.00 1.00 36800.00 2880.00
0.00 1.00 34240.00 3271.68
0.00 1.00 36800.00 2880.00
0.00 1.00 34240.00 3271.68
0.00 1.00 36800.00 2880.00
0.00 1.00 34240.00 3271.68
0.00 1.00 36800.00 2880.00
0.00 1.00 46064.00 4137.80
0.00 1.00 52464.00 3949.71
0.00 1.00 46064.00 4137.80
0.00 1.00 52464.00 3949.71
0.00 1.00 46064.00 4137.80
0.00 1.00 52464.00 3949.71
0.00 1.00 46064.00 4137.80
0.00 1.00 52464.00 3949.71
0.00 1.00 46064.00 4137.80
0.00 1.00 52464.00 3949.71
0.00 1.00 62304.00 5217.32
0.00 1.00 73824.00 5131.64
0.00 1.00 62304.00 5217.32
0.00 1.00 73824.00 5131.64
0.00 1.00 62304.00 5217.32
0.00 1.00 73824.00 5131.64
0.00 1.00 62304.00 5217.32
0.00 1.00 73824.00 5131.64
0.00 1.00 62304.00 5217.32
0.00 1.00 73824.00 5131.64
0.00 1.00 48728.00 2198.12
0.00 1.00 52568.00 2719.48
0.00 1.00 48728.00 2198.12
0.00 1.00 52568.00 2719.48
0.00 1.00 48728.00 2198.12
0.00 1.00 52568.00 2719.48
0.00 1.00 48728.00 2198.12
0.00 1.00 52568.00 2719.48
0.00 1.00 48728.00 2198.12
0.00 1.00 52568.00 2719.48
0.00 1.00 66536.00 2873.47
0.00 1.00 71656.00 4681.14
0.00 1.00 66536.00 2873.47
0.00 1.00 71656.00 4681.14
0.00 1.00 66536.00 2873.47
0.00 1.00 71656.00 4681.14
0.00 1.00 66536.00 2873.47
0.00 1.00 71656.00 4681.14
0.00 1.00 66536.00 2873.47
0.00 1.00 71656.00 4681.14
0.00 1.00 25720.00 8375.50
0.00 1.00 28280.00 4608.00
0.00 1.00 25720.00 8375.50
0.00 1.00 28280.00 4608.00
0.00 1.00 25720.00 8375.50
0.00 1.00 28280.00 4608.00
0.00 1.00 25720.00 8375.50
0.00 1.00 28280.00 4608.00
0.00 1.00 25720.00 8375.50
0.00 1.00 28280.00 4608.00
0.00 1.00 29880.00 8596.54
0.00 1.00 35000.00 4266.67
0.00 1.00 29880.00 8596.54
0.00 1.00 35000.00 4266.67
0.00 1.00 29880.00 8596.54
0.00 1.00 35000.00 4266.67
0.00 1.00 29880.00 8596.54
0.00 1.00 35000.00 4266.67
0.00 1.00 29880.00 8596.54
0.00 1.00 35000.00 4266.67
0.00 1.00 34951.00 8854.37
0.00 1.00 40072.00 3972.41
0.00 1.00 34951.00 8854.37
0.00 1.00 40072.00 3972.41
0.00 1.00 34951.00 8854.37
0.00 1.00 40072.00 3972.41
0.00 1.00 34951.00 8854.37
0.00 1.00 40072.00 3972.41
0.00 1.00 34951.00 8854.37
0.00 1.00 40072.00 3972.41
0.00 1.00 31400.00 4273.21
0.00 1.00 33960.00 3291.43
0.00 1.00 31400.00 4273.21
0.00 1.00 33960.00 3291.43
0.00 1.00 31400.00 4273.21
0.00 1.00 33960.00 3291.43
0.00 1.00 31400.00 4273.21
0.00 1.00 33960.00 3291.43
0.00 1.00 31400.00 4273.21
0.00 1.00 33960.00 3291.43
0.00 1.00 36680.00 4577.71
0.00 1.00 41800.00 3113.51
0.00 1.00 36680.00 4577.71
0.00 1.00 41800.00 3113.51
0.00 1.00 36680.00 4577.71
0.00 1.00 41800.00 3113.51
0.00 1.00 36680.00 4577.71
0.00 1.00 41800.00 3113.51
0.00 1.00 36680.00 4577.71
0.00 1.00 41800.00 3113.51
0.00 1.00 44312.00 4895.81
0.00 1.00 49432.00 4253.54
0.00 1.00 44312.00 4895.81
0.00 1.00 49432.00 4253.54
0.00 1.00 44312.00 4895.81
0.00 1.00 49432.00 4253.54
0.00 1.00 44312.00 4895.81
0.00 1.00 49432.00 4253.54
0.00 1.00 44312.00 4895.81
0.00 1.00 49432.00 4253.54
0.00 1.00 39495.00 2369.71
0.00 1.00 42055.00 3529.53
0.00 1.00 39495.00 2369.71
0.00 1.00 42055.00 3529.53
0.00 1.00 39495.00 2369.71
0.00 1.00 42055.00 3529.53
0.00 1.00 39495.00 2369.71
0.00 1.00 42055.00 3529.53
0.00 1.00 39495.00 2369.71
0.00 1.00 42055.00 3529.53
0.00 1.00 47400.00 4078.30
0.00 1.00 51240.00 3385.47
0.00 1.00 47400.00 4078.30
0.00 1.00 51240.00 3385.47
0.00 1.00 47400.00 4078.30
0.00 1.00 51240.00 3385.47
0.00 1.00 47400.00 4078.30
0.00 1.00 51240.00 3385.47
0.00 1.00 47400.00 4078.30
0.00 1.00 51240.00 3385.47
0.00 1.00 54008.00 2862.95
0.00 1.00 59128.00 3252.71
0.00 1.00 54008.00 2862.95
0.00 1.00 59128.00 3252.71
0.00 1.00 54008.00 2862.95
0.00 1.00 59128.00 3252.71
0.00 1.00 54008.00 2862.95
0.00 1.00 59128.00 3252.71
0.00 1.00 54008.00 2862.95
0.00 1.00 59128.00 3252.71
0.00 1.00 48728.00 2198.12
0.00 1.00 50008.00 2719.48
0.00 1.00 48728.00 2198.12
0.00 1.00 50008.00 2719.48
0.00 1.00 48728.00 2198.12
0.00 1.00 50008.00 2719.48
0.00 1.00 48728.00 2198.12
0.00 1.00 50008.00 2719.48
0.00 1.00 48728.00 2198.12
0.00 1.00 50008.00 2719.48
0.00 1.00 56919.00 2467.12
0.00 1.00 60759.00 2633.14
0.00 1.00 56919.00 2467.12
0.00 1.00 60759.00 2633.14
0.00 1.00 56919.00 2467.12
0.00 1.00 60759.00 2633.14
0.00 1.00 56919.00 2467.12
0.00 1.00 60759.00 2633.14
0.00 1.00 56919.00 2467.12
0.00 1.00 60759.00 2633.14
0.00 1.00 25720.00 8375.50
0.00 1.00 28280.00 4608.00
0.00 1.00 25720.00 8375.50
0.00 1.00 28280.00 4608.00
0.00 1.00 25720.00 8375.50
0.00 1.00 28280.00 4608.00
0.00 1.00 25720.00 8375.50
0.00 1.00 28280.00 4608.00
0.00 1.00 25720.00 8375.50
0.00 1.00 28280.00 4608.00
0.00 1.00 28367.00 7888.59
0.00 1.00 30927.00 4266.67
0.00 1.00 28367.00 7888.59
0.00 1.00 30927.00 4266.67
0.00 1.00 28367.00 7888.59
0.00 1.00 30927.00 4266.67
0.00 1.00 28367.00 7888.59
0.00 1.00 30927.00 4266.67
0.00 1.00 28367.00 7888.59
0.00 1.00 30927.00 4266.67
0.00 1.00 31239.00 7451.70
0.00 1.00 36360.00 3972.41
0.00 1.00 31239.00 7451.70
0.00 1.00 36360.00 3972.41
0.00 1.00 31239.00 7451.70
0.00 1.00 36360.00 3972.41
0.00 1.00 31239.00 7451.70
0.00 1.00 36360.00 3972.41
0.00 1.00 31239.00 7451.70
0.00 1.00 36360.00 3972.41
0.00 1.00 30264.00 4806.88
0.00 1.00 32824.00 3490.91
0.00 1.00 30264.00 4806.88
0.00 1.00 32824.00 3490.91
0.00 1.00 30264.00 4806.88
0.00 1.00 32824.00 3490.91
0.00 1.00 30264.00 4806.88
0.00 1.00 32824.00 3490.91
0.00 1.00 30264.00 4806.88
0.00 1.00 32824.00 3490.91
0.00 1.00 33360.00 4694.52
0.00 1.00 35920.00 3291.43
0.00 1.00 33360.00 4694.52
0.00 1.00 35920.00 3291.43
0.00 1.00 33360.00 4694.52
0.00 1.00 35920.00 3291.43
0.00 1.00 33360.00 4694.52
0.00 1.00 35920.00 3291.43
0.00 1.00 33360.00 4694.52
0.00 1.00 35920.00 3291.43
0.00 1.00 37959.00 4577.71
0.00 1.00 43079.00 4483.46
0.00 1.00 37959.00 4577.71
0.00 1.00 43079.00 4483.46
0.00 1.00 37959.00 4577.71
0.00 1.00 43079.00 4483.46
0.00 1.00 37959.00 4577.71
0.00 1.00 43079.00 4483.46
0.00 1.00 37959.00 4577.71
0.00 1.00 43079.00 4483.46
0.00 1.00 35376.00 2967.51
0.00 1.00 40496.00 2742.86
0.00 1.00 35376.00 2967.51
0.00 1.00 40496.00 2742.86
0.00 1.00 35376.00 2967.51
0.00 1.00 40496.00 2742.86
0.00 1.00 35376.00 2967.51
0.00 1.00 40496.00 2742.86
0.00 1.00 35376.00 2967.51
0.00 1.00 40496.00 2742.86
0.00 1.00 38976.00 2970.45
0.00 1.00 44096.00 2618.18
0.00 1.00 38976.00 2970.45
0.00 1.00 44096.00 2618.18
0.00 1.00 38976.00 2970.45
0.00 1.00 44096.00 2618.18
0.00 1.00 38976.00 2970.45
0.00 1.00 44096.00 2618.18
0.00 1.00 38976.00 2970.45
0.00 1.00 44096.00 2618.18
0.00 1.00 44080.00 2961.66
0.00 1.00 46640.00 3606.26
0.00 1.00 44080.00 2961.66
0.00 1.00 46640.00 3606.26
0.00 1.00 44080.00 2961.66
0.00 1.00 46640.00 3606.26
0.00 1.00 44080.00 2961.66
0.00 1.00 46640.00 3606.26
0.00 1.00 44080.00 2961.66
0.00 1.00 46640.00 3606.26
0.00 1.00 41768.00 2012.57
0.00 1.00 44328.00 3252.71
0.00 1.00 41768.00 2012.57
0.00 1.00 44328.00 3252.71
0.00 1.00 41768.00 2012.57
0.00 1.00 44328.00 3252.71
0.00 1.00 41768.00 2012.57
0.00 1.00 44328.00 3252.71
0.00 1.00 41768.00 2012.57
0.00 1.00 44328.00 3252.71
0.00 1.00 45872.00 2047.27
0.00 1.00 50992.00 3129.96
0.00 1.00 45872.00 2047.27
0.00 1.00 50992.00 3129.96
0.00 1.00 45872.00 2047.27
0.00 1.00 50992.00 3129.96
0.00 1.00 45872.00 2047.27
0.00 1.00 50992.00 3129.96
0.00 1.00 45872.00 2047.27
0.00 1.00 50992.00 3129.96
  
   
   
   
   
   
   
   
   
   
   
   
   
   
   
   
   
   
   
   
   
   
   
   
   
   
   
   
   
   
   
   
   
   
   
   
   
   
   
   
   
   
   
   
   
   
   
   
   
   
   
   
   
   
   
   
   
   
   
   
   
   
   
   
   
   
   
   
   
   
   
   
   
   
   
   
   
   
   
   
   
   
   
   
   
   
   
   
   
   
   
   
   
   
   
   
   
   
   
   
   
   
   
   
   
   
   
   
   
   
   
   
   
   
   
   
   
   
   
   
   
   
   
   
   
   
   
   
   
   
   
   
   
   
   
   
   
   
   
   
   
   
   
   
   
   
   
   
   
   
   
   
   
   
   
   
   
   
   
   
   
   
   
   
   
   
   
   
   
   
   
   
   
   
   
   
   
   
   
   
   
   
   
   
   
   
   
   
   
   
   
   
   
   
   
   
   
   
   
   
   
   
   
   
   
   
   
   
   
   
   
   
   
   
   
   
   
   
   
   
   
   
   
   
   
   
   
   
   
   
   
   
   
   
   
   
   
   
   
   
   
   
   
   
   
   
   
   
   
   
   
   
   
   
   
   
   
   
   
   
   
   
   
   
   
   
   
   
   
   
   
   
   
   
   
   
   
   
   
   
   
   
   
   
   
   
   
   
   
   
   
   
   
   
   
   
   
   
   
   
   
   
   
   
   
   
   
   
   
   
   
