1.24504157805904518626905018769175054562693694126807031352655030786991119384765625e-13 3.78100136172909226986864475989857763138513035983123700134456157684326171875e-10 -5.4307511983635267512357021575908083376696584843035253697962616570293903350830078125e-14
7.82012939453125e-05 1 25688 54150
5.3882598876953125e-05 1 67800 213750
2.86102294921875e-06 1 12152 2850
1.9073486328125e-06 1 12152 2850
1.2874603271484375e-05 1 22712 43350
0.0001049041748046875 1 65400 191250
1.59740447998046875e-05 1 10936 2550
3.0994415283203125e-06 1 10936 2550
1.2874603271484375e-05 1 22712 43350
2.69412994384765625e-05 1 65400 191250
2.86102294921875e-06 1 10936 2550
1.9073486328125e-06 1 10936 2550
1.21593475341796875e-05 1 22712 43350
2.193450927734375e-05 1 65400 191250
1.9073486328125e-06 1 10936 2550
3.0994415283203125e-06 1 10936 2550
1.0967254638671875e-05 1 22712 43350
2.288818359375e-05 1 65400 191250
1.9073486328125e-06 1 10936 2550
2.86102294921875e-06 1 10936 2550
1.0013580322265625e-05 1 22712 43350
2.09808349609375e-05 1 65400 191250
3.0994415283203125e-06 1 10936 2550
1.9073486328125e-06 1 10936 2550
4.0531158447265625e-06 1 2880 648
3.0994415283203125e-06 1 2880 648
3.0994415283203125e-06 1 360 108
4.0531158447265625e-06 1 3096 1134
3.0994415283203125e-06 1 1512 324
3.0994415283203125e-06 1 576 216
2.86102294921875e-06 1 3744 2592
1.9073486328125e-06 1 5616 1296
4.0531158447265625e-06 1 4680 2268
5.9604644775390625e-06 1 9216 4536
3.0994415283203125e-06 1 5544 5292
4.0531158447265625e-06 1 7920 3888
3.0994415283203125e-06 1 4032 1944
3.21865081787109375e-05 1 7776 11664
4.0531158447265625e-06 1 7920 3888
4.0531158447265625e-06 1 4896 4536
1.9073486328125e-06 1 576 216
1.9073486328125e-06 1 360 108
2.1457672119140625e-06 1 2880 648
3.0994415283203125e-06 1 2880 648
3.0994415283203125e-06 1 2736 1296
3.0994415283203125e-06 1 4680 2268
4.0531158447265625e-06 1 2736 1296
1.0967254638671875e-05 1 7776 11664
3.0994415283203125e-06 1 4680 2268
3.0994415283203125e-06 1 3096 1134
3.0994415283203125e-06 1 3744 2592
2.86102294921875e-06 1 2304 1512
2.1457672119140625e-06 1 5544 5292
3.0994415283203125e-06 1 296 36
1.9073486328125e-06 1 2024 252
0.0001308917999267578125 1 66360 164934
0.0001699924468994140625 1 342584 1468698
4.0531158447265625e-06 1 33080 7854
3.0994415283203125e-06 1 33080 7854
3.814697265625e-05 1 59736 135014
8.392333984375e-05 1 336600 1328822
3.814697265625e-06 1 30072 7106
2.86102294921875e-06 1 30072 7106
3.60012054443359375e-05 1 59736 135014
8.79764556884765625e-05 1 336600 1328822
4.0531158447265625e-06 1 30072 7106
4.0531158447265625e-06 1 30072 7106
3.814697265625e-05 1 59736 135014
0.0001800060272216796875 1 336600 1328822
4.0531158447265625e-06 1 30072 7106
3.0994415283203125e-06 1 30072 7106
3.0994415283203125e-05 1 59736 135014
8.41617584228515625e-05 1 336600 1328822
4.0531158447265625e-06 1 30072 7106
3.0994415283203125e-06 1 30072 7106
2.9087066650390625e-05 1 59736 135014
0.000135898590087890625 1 336600 1328822
3.0994415283203125e-06 1 30072 7106
2.86102294921875e-06 1 30072 7106
5.0067901611328125e-06 1 6264 1458
2.86102294921875e-06 1 6264 1458
2.1457672119140625e-06 1 504 162
3.814697265625e-06 1 6552 2430
3.0994415283203125e-06 1 2232 486
2.86102294921875e-06 1 1080 486
1.40666961669921875e-05 1 8424 8748
3.0994415283203125e-06 1 18360 4374
5.9604644775390625e-06 1 13176 7290
1.12056732177734375e-05 1 39096 21870
1.0013580322265625e-05 1 20520 24300
7.152557373046875e-06 1 23544 13122
3.0994415283203125e-06 1 7992 4374
9.059906005859375e-06 1 17496 39366
5.0067901611328125e-06 1 23544 13122
5.9604644775390625e-06 1 13176 14580
1.9073486328125e-06 1 1080 486
1.9073486328125e-06 1 504 162
2.1457672119140625e-06 1 6264 1458
1.9073486328125e-06 1 6264 1458
4.0531158447265625e-06 1 5400 2916
5.9604644775390625e-06 1 13176 7290
5.0067901611328125e-06 1 5400 2916
1.0967254638671875e-05 1 17496 39366
2.86102294921875e-06 1 13176 7290
3.0994415283203125e-06 1 6552 2430
3.0994415283203125e-06 1 8424 8748
3.0994415283203125e-06 1 4608 3240
5.0067901611328125e-06 1 20520 24300
3.0994415283203125e-06 1 440 54
2.86102294921875e-06 1 4328 540
1.50203704833984375e-05 1 25688 54150
2.384185791015625e-05 1 67800 213750
2.86102294921875e-06 1 12152 2850
3.0994415283203125e-06 1 12152 2850
1.0967254638671875e-05 1 22712 43350
1.97887420654296875e-05 1 65400 191250
3.0994415283203125e-06 1 10936 2550
1.9073486328125e-06 1 10936 2550
1.0967254638671875e-05 1 22712 43350
2.193450927734375e-05 1 65400 191250
2.1457672119140625e-06 1 10936 2550
2.86102294921875e-06 1 10936 2550
1.1920928955078125e-05 1 22712 43350
3.60012054443359375e-05 1 65400 191250
4.0531158447265625e-06 1 10936 2550
2.86102294921875e-06 1 10936 2550
1.1920928955078125e-05 1 22712 43350
2.50339508056640625e-05 1 65400 191250
2.86102294921875e-06 1 10936 2550
2.1457672119140625e-06 1 10936 2550
1.1920928955078125e-05 1 22712 43350
2.21729278564453125e-05 1 65400 191250
1.9073486328125e-06 1 10936 2550
1.9073486328125e-06 1 10936 2550
4.0531158447265625e-06 1 2880 648
3.0994415283203125e-06 1 2880 648
2.1457672119140625e-06 1 360 108
2.86102294921875e-06 1 3096 1134
2.86102294921875e-06 1 1512 324
3.0994415283203125e-06 1 576 216
2.86102294921875e-06 1 3744 2592
2.86102294921875e-06 1 5616 1296
2.86102294921875e-06 1 4680 2268
5.9604644775390625e-06 1 9216 4536
3.0994415283203125e-06 1 5544 5292
3.0994415283203125e-06 1 7920 3888
3.0994415283203125e-06 1 4032 1944
1.1920928955078125e-05 1 7776 11664
4.0531158447265625e-06 1 7920 3888
2.86102294921875e-06 1 4896 4536
1.9073486328125e-06 1 576 216
2.002716064453125e-05 1 360 108
3.0994415283203125e-06 1 2880 648
2.1457672119140625e-06 1 2880 648
2.1457672119140625e-06 1 2736 1296
3.814697265625e-06 1 4680 2268
3.0994415283203125e-06 1 2736 1296
1.1920928955078125e-05 1 7776 11664
4.0531158447265625e-06 1 4680 2268
3.0994415283203125e-06 1 3096 1134
3.0994415283203125e-06 1 3744 2592
2.1457672119140625e-06 1 2304 1512
3.0994415283203125e-06 1 5544 5292
2.86102294921875e-06 1 296 36
3.0994415283203125e-06 1 2024 252
4.100799560546875e-05 1 47544 115542
0.0001108646392822265625 1 181304 720762
3.0994415283203125e-06 1 23224 5502
3.0994415283203125e-06 1 23224 5502
2.09808349609375e-05 1 42712 94582
5.79357147216796875e-05 1 177112 652118
3.0994415283203125e-06 1 21112 4978
2.86102294921875e-06 1 21112 4978
1.78813934326171875e-05 1 42712 94582
0.0001099109649658203125 1 177112 652118
3.814697265625e-06 1 21112 4978
2.86102294921875e-06 1 21112 4978
2.50339508056640625e-05 1 42712 94582
8.79764556884765625e-05 1 177112 652118
4.0531158447265625e-06 1 21112 4978
2.1457672119140625e-06 1 21112 4978
1.0013580322265625e-05 1 42712 94582
5.60283660888671875e-05 1 177112 652118
3.0994415283203125e-06 1 21112 4978
3.0994415283203125e-06 1 21112 4978
1.9073486328125e-05 1 42712 94582
0.000114917755126953125 1 177112 652118
4.0531158447265625e-06 1 21112 4978
4.0531158447265625e-06 1 21112 4978
4.0531158447265625e-06 1 4992 1152
3.0994415283203125e-06 1 4992 1152
3.0994415283203125e-06 1 456 144
2.86102294921875e-06 1 5256 1944
1.9073486328125e-06 1 1992 432
3.0994415283203125e-06 1 896 384
3.0994415283203125e-06 1 6656 6144
1.9073486328125e-06 1 12992 3072
3.0994415283203125e-06 1 9696 5184
5.0067901611328125e-06 1 25536 13824
1.1920928955078125e-05 1 13824 15552
6.198883056640625e-06 1 17088 9216
2.86102294921875e-06 1 6528 3456
7.8678131103515625e-06 1 13824 27648
4.0531158447265625e-06 1 17088 9216
6.9141387939453125e-06 1 9792 10368
3.0994415283203125e-06 1 896 384
3.0994415283203125e-06 1 456 144
3.0994415283203125e-06 1 4992 1152
2.86102294921875e-06 1 4992 1152
2.86102294921875e-06 1 4416 2304
5.0067901611328125e-06 1 9696 5184
4.0531158447265625e-06 1 4416 2304
1.0013580322265625e-05 1 13824 27648
4.0531158447265625e-06 1 9696 5184
5.9604644775390625e-06 1 5256 1944
5.9604644775390625e-06 1 6656 6144
5.0067901611328125e-06 1 3744 2592
4.0531158447265625e-06 1 13824 15552
4.0531158447265625e-06 1 392 48
3.0994415283203125e-06 1 3464 432
1.59740447998046875e-05 1 25688 54150
2.40802764892578125e-05 1 67800 213750
2.86102294921875e-06 1 12152 2850
3.0994415283203125e-06 1 12152 2850
1.21593475341796875e-05 1 22712 43350
2.002716064453125e-05 1 65400 191250
2.86102294921875e-06 1 10936 2550
1.9073486328125e-06 1 10936 2550
1.21593475341796875e-05 1 22712 43350
2.288818359375e-05 1 65400 191250
3.0994415283203125e-06 1 10936 2550
4.0531158447265625e-06 1 10936 2550
1.1920928955078125e-05 1 22712 43350
2.09808349609375e-05 1 65400 191250
1.811981201171875e-05 1 10936 2550
5.9604644775390625e-06 1 10936 2550
1.2874603271484375e-05 1 22712 43350
2.78949737548828125e-05 1 65400 191250
3.0994415283203125e-06 1 10936 2550
1.9073486328125e-06 1 10936 2550
1.0967254638671875e-05 1 22712 43350
1.69277191162109375e-05 1 65400 191250
3.0994415283203125e-06 1 10936 2550
2.1457672119140625e-06 1 10936 2550
4.76837158203125e-06 1 2880 648
4.0531158447265625e-06 1 2880 648
2.86102294921875e-06 1 360 108
3.0994415283203125e-06 1 3096 1134
3.0994415283203125e-06 1 1512 324
2.86102294921875e-06 1 576 216
3.0994415283203125e-06 1 3744 2592
3.0994415283203125e-06 1 5616 1296
4.0531158447265625e-06 1 4680 2268
5.0067901611328125e-06 1 9216 4536
2.86102294921875e-06 1 5544 5292
5.0067901611328125e-06 1 7920 3888
4.0531158447265625e-06 1 4032 1944
1.21593475341796875e-05 1 7776 11664
2.86102294921875e-06 1 7920 3888
2.86102294921875e-06 1 4896 4536
3.0994415283203125e-06 1 576 216
1.9073486328125e-06 1 360 108
2.86102294921875e-06 1 2880 648
1.9073486328125e-05 1 2880 648
3.0994415283203125e-06 1 2736 1296
2.86102294921875e-06 1 4680 2268
3.0994415283203125e-06 1 2736 1296
9.059906005859375e-06 1 7776 11664
3.0994415283203125e-06 1 4680 2268
2.86102294921875e-06 1 3096 1134
3.0994415283203125e-06 1 3744 2592
2.1457672119140625e-06 1 2304 1512
1.9073486328125e-06 1 5544 5292
3.0994415283203125e-06 1 296 36
2.1457672119140625e-06 1 2024 252
1.811981201171875e-05 1 38136 90846
3.40938568115234375e-05 1 119480 445578
3.0994415283203125e-06 1 18296 4326
2.86102294921875e-06 1 18296 4326
1.69277191162109375e-05 1 34200 74366
3.0994415283203125e-05 1 116184 403142
2.86102294921875e-06 1 16632 3914
1.9073486328125e-06 1 16632 3914
1.69277191162109375e-05 1 34200 74366
3.0040740966796875e-05 1 116184 403142
3.814697265625e-06 1 16632 3914
3.0994415283203125e-06 1 16632 3914
1.69277191162109375e-05 1 34200 74366
3.3855438232421875e-05 1 116184 403142
7.152557373046875e-06 1 16632 3914
5.0067901611328125e-06 1 16632 3914
1.811981201171875e-05 1 34200 74366
3.50475311279296875e-05 1 116184 403142
3.0994415283203125e-06 1 16632 3914
2.86102294921875e-06 1 16632 3914
1.69277191162109375e-05 1 34200 74366
3.0994415283203125e-05 1 116184 403142
3.0994415283203125e-06 1 16632 3914
1.9073486328125e-06 1 16632 3914
4.0531158447265625e-06 1 3864 882
3.0994415283203125e-06 1 3864 882
2.86102294921875e-06 1 408 126
2.86102294921875e-06 1 4104 1512
1.9073486328125e-06 1 1752 378
2.86102294921875e-06 1 728 294
3.0994415283203125e-06 1 5096 4116
3.0994415283203125e-06 1 8792 2058
4.0531158447265625e-06 1 6888 3528
4.0531158447265625e-06 1 15848 8232
1.0013580322265625e-05 1 8960 9408
5.0067901611328125e-06 1 11928 6174
2.86102294921875e-06 1 5208 2646
8.8214874267578125e-06 1 10584 18522
3.0994415283203125e-06 1 11928 6174
3.0994415283203125e-06 1 7056 7056
2.86102294921875e-06 1 728 294
3.0994415283203125e-06 1 408 126
2.1457672119140625e-06 1 3864 882
1.9073486328125e-06 1 3864 882
1.9073486328125e-06 1 3528 1764
4.0531158447265625e-06 1 6888 3528
5.0067901611328125e-06 1 3528 1764
1.1920928955078125e-05 1 10584 18522
3.0994415283203125e-06 1 6888 3528
3.0994415283203125e-06 1 4104 1512
4.0531158447265625e-06 1 5096 4116
3.0994415283203125e-06 1 2976 2016
2.86102294921875e-06 1 8960 9408
2.1457672119140625e-06 1 344 42
3.0994415283203125e-06 1 2696 336
4.60147857666015625e-05 1 56120 149178
7.70092010498046875e-05 1 210936 914526
4.0531158447265625e-06 1 27256 6486
2.86102294921875e-06 1 27256 6486
2.59876251220703125e-05 1 50904 124362
0.0001299381256103515625 1 206424 835002
3.0994415283203125e-06 1 24984 5922
3.0994415283203125e-06 1 24984 5922
4.100799560546875e-05 1 50904 124362
8.70227813720703125e-05 1 206424 835002
4.0531158447265625e-06 1 24984 5922
3.0994415283203125e-06 1 24984 5922
6.29425048828125e-05 1 50904 124362
8.106231689453125e-05 1 206424 835002
4.0531158447265625e-06 1 24984 5922
2.86102294921875e-06 1 24984 5922
3.0994415283203125e-05 1 50904 124362
8.0108642578125e-05 1 206424 835002
3.814697265625e-06 1 24984 5922
3.0994415283203125e-06 1 24984 5922
2.50339508056640625e-05 1 50904 124362
7.79628753662109375e-05 1 206424 835002
2.86102294921875e-06 1 24984 5922
2.86102294921875e-06 1 24984 5922
3.814697265625e-06 1 4992 1152
1.9073486328125e-06 1 4992 1152
3.0994415283203125e-06 1 456 144
2.86102294921875e-06 1 5256 1944
2.86102294921875e-06 1 1992 432
2.1457672119140625e-06 1 896 384
3.0994415283203125e-06 1 6656 6144
2.86102294921875e-06 1 12992 3072
4.0531158447265625e-06 1 9696 5184
1.0967254638671875e-05 1 25536 13824
1.0967254638671875e-05 1 13824 15552
6.198883056640625e-06 1 17088 9216
3.0994415283203125e-06 1 6528 3456
1.0967254638671875e-05 1 13824 27648
5.0067901611328125e-06 1 17088 9216
7.152557373046875e-06 1 9792 10368
3.0994415283203125e-06 1 896 384
1.9073486328125e-06 1 456 144
2.1457672119140625e-06 1 4992 1152
1.9073486328125e-06 1 4992 1152
2.86102294921875e-06 1 4416 2304
4.0531158447265625e-06 1 9696 5184
4.0531158447265625e-06 1 4416 2304
7.152557373046875e-06 1 13824 27648
3.814697265625e-06 1 9696 5184
3.0994415283203125e-06 1 5256 1944
2.1457672119140625e-06 1 6656 6144
3.0994415283203125e-06 1 3744 2592
2.86102294921875e-06 1 13824 15552
2.86102294921875e-06 1 392 48
2.86102294921875e-06 1 3464 432
2.50339508056640625e-05 1 50048 173400
2.78949737548828125e-05 1 85800 382500
4.0531158447265625e-06 1 21272 5100
2.86102294921875e-06 1 21272 5100
2.002716064453125e-05 1 46592 153600
2.50339508056640625e-05 1 83400 360000
1.9073486328125e-06 1 20056 4800
2.1457672119140625e-06 1 20056 4800
2.002716064453125e-05 1 46592 153600
1.811981201171875e-05 1 83400 360000
3.0994415283203125e-06 1 20056 4800
3.0994415283203125e-06 1 20056 4800
9.5844268798828125e-05 1 46592 153600
4.7206878662109375e-05 1 83400 360000
4.0531158447265625e-06 1 20056 4800
3.0994415283203125e-06 1 20056 4800
2.193450927734375e-05 1 46592 153600
2.288818359375e-05 1 83400 360000
4.76837158203125e-06 1 20056 4800
1.9073486328125e-06 1 20056 4800
2.09808349609375e-05 1 46592 153600
2.59876251220703125e-05 1 83400 360000
3.0994415283203125e-06 1 20056 4800
3.0994415283203125e-06 1 20056 4800
4.0531158447265625e-06 1 4992 1152
2.86102294921875e-06 1 4992 1152
1.9073486328125e-06 1 512 192
2.86102294921875e-06 1 5504 2688
1.9073486328125e-06 1 3392 768
2.1457672119140625e-06 1 672 288
3.814697265625e-06 1 6048 4320
3.0994415283203125e-06 1 7392 1728
2.86102294921875e-06 1 6912 4032
4.0531158447265625e-06 1 10272 6048
1.1920928955078125e-05 1 6888 8820
2.86102294921875e-06 1 11712 6912
2.1457672119140625e-06 1 7872 4608
1.1920928955078125e-05 1 13824 27648
4.0531158447265625e-06 1 11712 6912
6.9141387939453125e-06 1 7632 10080
1.9073486328125e-06 1 672 288
1.9073486328125e-06 1 512 192
3.0994415283203125e-06 1 4992 1152
1.9073486328125e-06 1 4992 1152
4.0531158447265625e-06 1 4992 2880
2.86102294921875e-06 1 6912 4032
2.86102294921875e-06 1 4992 2880
1.0013580322265625e-05 1 13824 27648
3.814697265625e-06 1 6912 4032
1.9073486328125e-06 1 5504 2688
3.0994415283203125e-06 1 6048 4320
2.86102294921875e-06 1 4160 4200
8.106231689453125e-06 1 6888 8820
1.9073486328125e-06 1 392 48
1.9073486328125e-06 1 3368 420
2.69412994384765625e-05 1 69696 266976
3.910064697265625e-05 1 144200 763848
5.0067901611328125e-06 1 30776 7416
4.0531158447265625e-06 1 30776 7416
2.47955322265625e-05 1 65280 238136
2.9087066650390625e-05 1 140904 721412
3.0994415283203125e-06 1 29112 7004
2.86102294921875e-06 1 29112 7004
2.193450927734375e-05 1 65280 238136
3.88622283935546875e-05 1 140904 721412
3.0994415283203125e-06 1 29112 7004
3.0994415283203125e-06 1 29112 7004
3.3855438232421875e-05 1 65280 238136
4.07695770263671875e-05 1 140904 721412
4.0531158447265625e-06 1 29112 7004
3.814697265625e-06 1 29112 7004
2.59876251220703125e-05 1 65280 238136
3.60012054443359375e-05 1 140904 721412
3.0994415283203125e-06 1 29112 7004
2.86102294921875e-06 1 29112 7004
2.31266021728515625e-05 1 65280 238136
3.69548797607421875e-05 1 140904 721412
3.0994415283203125e-06 1 29112 7004
2.86102294921875e-06 1 29112 7004
4.0531158447265625e-06 1 6720 1568
2.86102294921875e-06 1 6720 1568
2.1457672119140625e-06 1 576 224
2.1457672119140625e-06 1 7296 3584
2.1457672119140625e-06 1 3936 896
3.0994415283203125e-06 1 840 392
3.0994415283203125e-06 1 8232 6860
2.86102294921875e-06 1 11592 2744
5.9604644775390625e-06 1 10080 6272
6.198883056640625e-06 1 17472 10976
1.0967254638671875e-05 1 10752 15680
4.0531158447265625e-06 1 17472 10976
4.0531158447265625e-06 1 10080 6272
1.0013580322265625e-05 1 18816 43904
3.814697265625e-06 1 17472 10976
9.059906005859375e-06 1 10752 15680
3.0994415283203125e-06 1 840 392
1.9073486328125e-06 1 576 224
3.0994415283203125e-06 1 6720 1568
1.9073486328125e-06 1 6720 1568
3.0994415283203125e-06 1 6384 3920
3.0994415283203125e-06 1 10080 6272
3.0994415283203125e-06 1 6384 3920
9.059906005859375e-06 1 18816 43904
5.0067901611328125e-06 1 10080 6272
2.1457672119140625e-06 1 7296 3584
3.814697265625e-06 1 8232 6860
2.86102294921875e-06 1 5280 5600
7.8678131103515625e-06 1 10752 15680
3.0994415283203125e-06 1 456 56
2.1457672119140625e-06 1 4488 560
1.50203704833984375e-05 1 25688 54150
2.384185791015625e-05 1 67800 213750
5.0067901611328125e-06 1 12152 2850
3.0994415283203125e-06 1 12152 2850
1.21593475341796875e-05 1 22712 43350
2.31266021728515625e-05 1 65400 191250
3.0994415283203125e-06 1 10936 2550
2.1457672119140625e-06 1 10936 2550
1.1920928955078125e-05 1 22712 43350
2.193450927734375e-05 1 65400 191250
3.0994415283203125e-06 1 10936 2550
3.0994415283203125e-06 1 10936 2550
1.1920928955078125e-05 1 22712 43350
2.288818359375e-05 1 65400 191250
3.2901763916015625e-05 1 10936 2550
5.0067901611328125e-06 1 10936 2550
1.2874603271484375e-05 1 22712 43350
2.69412994384765625e-05 1 65400 191250
3.0994415283203125e-06 1 10936 2550
1.9073486328125e-06 1 10936 2550
1.12056732177734375e-05 1 22712 43350
2.193450927734375e-05 1 65400 191250
3.0994415283203125e-06 1 10936 2550
2.1457672119140625e-06 1 10936 2550
4.0531158447265625e-06 1 2880 648
3.0994415283203125e-06 1 2880 648
2.86102294921875e-06 1 360 108
3.0994415283203125e-06 1 3096 1134
3.0994415283203125e-06 1 1512 324
2.86102294921875e-06 1 576 216
3.0994415283203125e-06 1 3744 2592
1.9073486328125e-06 1 5616 1296
2.86102294921875e-06 1 4680 2268
5.9604644775390625e-06 1 9216 4536
3.0994415283203125e-06 1 5544 5292
2.86102294921875e-06 1 7920 3888
1.9073486328125e-06 1 4032 1944
1.0967254638671875e-05 1 7776 11664
4.0531158447265625e-06 1 7920 3888
3.0994415283203125e-06 1 4896 4536
3.0994415283203125e-06 1 576 216
1.9073486328125e-06 1 360 108
1.9073486328125e-06 1 2880 648
2.1457672119140625e-06 1 2880 648
2.86102294921875e-06 1 2736 1296
3.0994415283203125e-06 1 4680 2268
3.0994415283203125e-06 1 2736 1296
1.0013580322265625e-05 1 7776 11664
2.86102294921875e-06 1 4680 2268
2.86102294921875e-06 1 3096 1134
2.86102294921875e-06 1 3744 2592
2.86102294921875e-06 1 2304 1512
2.86102294921875e-06 1 5544 5292
2.86102294921875e-06 1 296 36
2.1457672119140625e-06 1 2024 252
1.78813934326171875e-05 1 33432 78498
3.1948089599609375e-05 1 93272 332682
3.0994415283203125e-06 1 15832 3738
1.9073486328125e-06 1 15832 3738
1.40666961669921875e-05 1 29944 64258
2.59876251220703125e-05 1 90424 300998
3.0994415283203125e-06 1 14392 3382
3.0994415283203125e-06 1 14392 3382
1.40666961669921875e-05 1 29944 64258
2.7179718017578125e-05 1 90424 300998
3.0994415283203125e-06 1 14392 3382
3.814697265625e-06 1 14392 3382
1.59740447998046875e-05 1 29944 64258
3.0994415283203125e-05 1 90424 300998
3.0994415283203125e-06 1 14392 3382
3.0994415283203125e-06 1 14392 3382
3.60012054443359375e-05 1 29944 64258
5.3882598876953125e-05 1 90424 300998
2.86102294921875e-06 1 14392 3382
3.0994415283203125e-06 1 14392 3382
1.50203704833984375e-05 1 29944 64258
2.69412994384765625e-05 1 90424 300998
2.86102294921875e-06 1 14392 3382
3.0994415283203125e-06 1 14392 3382
4.0531158447265625e-06 1 2880 648
3.0994415283203125e-06 1 2880 648
3.0994415283203125e-06 1 360 108
1.9073486328125e-06 1 3096 1134
1.9073486328125e-06 1 1512 324
3.0994415283203125e-06 1 576 216
3.0994415283203125e-06 1 3744 2592
1.9073486328125e-06 1 5616 1296
4.0531158447265625e-06 1 4680 2268
2.86102294921875e-06 1 9216 4536
2.86102294921875e-06 1 5544 5292
3.814697265625e-06 1 7920 3888
3.0994415283203125e-06 1 4032 1944
1.21593475341796875e-05 1 7776 11664
3.0994415283203125e-06 1 7920 3888
3.0994415283203125e-06 1 4896 4536
2.86102294921875e-06 1 576 216
2.1457672119140625e-06 1 360 108
2.86102294921875e-06 1 2880 648
1.9073486328125e-06 1 2880 648
2.86102294921875e-06 1 2736 1296
3.0994415283203125e-06 1 4680 2268
4.0531158447265625e-06 1 2736 1296
9.059906005859375e-06 1 7776 11664
3.0994415283203125e-06 1 4680 2268
2.86102294921875e-06 1 3096 1134
3.0994415283203125e-06 1 3744 2592
3.0994415283203125e-06 1 2304 1512
3.0994415283203125e-06 1 5544 5292
4.0531158447265625e-06 1 296 36
2.1457672119140625e-06 1 2024 252
1.59740447998046875e-05 1 42872 111090
3.3855438232421875e-05 1 126840 507150
4.0531158447265625e-06 1 20344 4830
3.0994415283203125e-06 1 20344 4830
1.78813934326171875e-05 1 38808 92610
3.3855438232421875e-05 1 123480 463050
3.0994415283203125e-06 1 18648 4410
1.9073486328125e-06 1 18648 4410
1.78813934326171875e-05 1 38808 92610
2.88486480712890625e-05 1 123480 463050
4.0531158447265625e-06 1 18648 4410
2.86102294921875e-06 1 18648 4410
8.106231689453125e-06 1 38808 92610
3.40938568115234375e-05 1 123480 463050
2.86102294921875e-06 1 18648 4410
2.86102294921875e-06 1 18648 4410
2.002716064453125e-05 1 38808 92610
4.291534423828125e-05 1 123480 463050
2.86102294921875e-06 1 18648 4410
3.0994415283203125e-06 1 18648 4410
1.78813934326171875e-05 1 38808 92610
2.78949737548828125e-05 1 123480 463050
2.86102294921875e-06 1 18648 4410
3.0994415283203125e-06 1 18648 4410
5.0067901611328125e-06 1 3864 882
2.86102294921875e-06 1 3864 882
1.9073486328125e-06 1 408 126
2.86102294921875e-06 1 4104 1512
2.1457672119140625e-06 1 1752 378
3.0994415283203125e-06 1 728 294
3.0994415283203125e-06 1 5096 4116
2.1457672119140625e-06 1 8792 2058
4.0531158447265625e-06 1 6888 3528
7.8678131103515625e-06 1 15848 8232
1.0013580322265625e-05 1 8960 9408
5.0067901611328125e-06 1 11928 6174
3.0994415283203125e-06 1 5208 2646
8.8214874267578125e-06 1 10584 18522
5.0067901611328125e-06 1 11928 6174
4.0531158447265625e-06 1 7056 7056
1.9073486328125e-06 1 728 294
2.1457672119140625e-06 1 408 126
2.86102294921875e-06 1 3864 882
1.9073486328125e-06 1 3864 882
2.86102294921875e-06 1 3528 1764
4.0531158447265625e-06 1 6888 3528
3.0994415283203125e-06 1 3528 1764
1.0967254638671875e-05 1 10584 18522
4.0531158447265625e-06 1 6888 3528
2.86102294921875e-06 1 4104 1512
4.0531158447265625e-06 1 5096 4116
2.1457672119140625e-06 1 2976 2016
2.86102294921875e-06 1 8960 9408
3.0994415283203125e-06 1 344 42
1.9073486328125e-06 1 2696 336
1.50203704833984375e-05 1 41528 126150
2.50339508056640625e-05 1 79800 326250
2.86102294921875e-06 1 18232 4350
2.86102294921875e-06 1 18232 4350
1.811981201171875e-05 1 38232 109350
2.78949737548828125e-05 1 77400 303750
2.86102294921875e-06 1 17016 4050
1.9073486328125e-06 1 17016 4050
1.78813934326171875e-05 1 38232 109350
2.7179718017578125e-05 1 77400 303750
3.0994415283203125e-06 1 17016 4050
3.814697265625e-06 1 17016 4050
2.09808349609375e-05 1 38232 109350
2.50339508056640625e-05 1 77400 303750
3.0994415283203125e-06 1 17016 4050
3.0994415283203125e-06 1 17016 4050
0.000113010406494140625 1 38232 109350
3.0040740966796875e-05 1 77400 303750
3.814697265625e-06 1 17016 4050
3.0994415283203125e-06 1 17016 4050
1.88350677490234375e-05 1 38232 109350
2.8133392333984375e-05 1 77400 303750
2.86102294921875e-06 1 17016 4050
2.86102294921875e-06 1 17016 4050
3.814697265625e-06 1 2880 648
2.86102294921875e-06 1 2880 648
3.0994415283203125e-06 1 360 108
3.0994415283203125e-06 1 3096 1134
2.86102294921875e-06 1 1512 324
2.1457672119140625e-06 1 576 216
4.0531158447265625e-06 1 3744 2592
2.86102294921875e-06 1 5616 1296
3.0994415283203125e-06 1 4680 2268
5.0067901611328125e-06 1 9216 4536
2.86102294921875e-06 1 5544 5292
2.86102294921875e-06 1 7920 3888
2.86102294921875e-06 1 4032 1944
1.1920928955078125e-05 1 7776 11664
3.814697265625e-06 1 7920 3888
3.0994415283203125e-06 1 4896 4536
2.86102294921875e-06 1 576 216
2.1457672119140625e-06 1 360 108
2.86102294921875e-06 1 2880 648
3.0994415283203125e-06 1 2880 648
2.1457672119140625e-06 1 2736 1296
3.0994415283203125e-06 1 4680 2268
4.0531158447265625e-06 1 2736 1296
8.8214874267578125e-06 1 7776 11664
3.0994415283203125e-06 1 4680 2268
2.86102294921875e-06 1 3096 1134
3.0994415283203125e-06 1 3744 2592
2.86102294921875e-06 1 2304 1512
2.86102294921875e-06 1 5544 5292
3.0994415283203125e-06 1 296 36
1.9073486328125e-06 1 2024 252
2.6226043701171875e-05 1 51832 171058
3.2901763916015625e-05 1 107512 491102
3.814697265625e-06 1 23032 5518
2.86102294921875e-06 1 23032 5518
2.21729278564453125e-05 1 48024 149698
3.2901763916015625e-05 1 104664 459418
2.86102294921875e-06 1 21592 5162
1.9073486328125e-06 1 21592 5162
2.09808349609375e-05 1 48024 149698
3.0040740966796875e-05 1 104664 459418
3.814697265625e-06 1 21592 5162
3.0994415283203125e-06 1 21592 5162
3.79085540771484375e-05 1 48024 149698
3.31401824951171875e-05 1 104664 459418
5.0067901611328125e-06 1 21592 5162
3.0994415283203125e-06 1 21592 5162
2.09808349609375e-05 1 48024 149698
2.78949737548828125e-05 1 104664 459418
4.0531158447265625e-06 1 21592 5162
3.0994415283203125e-06 1 21592 5162
2.09808349609375e-05 1 48024 149698
2.88486480712890625e-05 1 104664 459418
2.86102294921875e-06 1 21592 5162
1.9073486328125e-06 1 21592 5162
4.0531158447265625e-06 1 2880 648
3.0994415283203125e-06 1 2880 648
3.0994415283203125e-06 1 360 108
3.0994415283203125e-06 1 3096 1134
2.1457672119140625e-06 1 1512 324
1.9073486328125e-06 1 576 216
2.86102294921875e-06 1 3744 2592
1.9073486328125e-06 1 5616 1296
2.86102294921875e-06 1 4680 2268
5.9604644775390625e-06 1 9216 4536
3.0994415283203125e-06 1 5544 5292
4.0531158447265625e-06 1 7920 3888
3.0994415283203125e-06 1 4032 1944
1.21593475341796875e-05 1 7776 11664
3.0994415283203125e-06 1 7920 3888
3.0994415283203125e-06 1 4896 4536
3.0994415283203125e-06 1 576 216
2.1457672119140625e-06 1 360 108
2.1457672119140625e-06 1 2880 648
3.0994415283203125e-06 1 2880 648
3.0994415283203125e-06 1 2736 1296
4.0531158447265625e-06 1 4680 2268
3.0994415283203125e-06 1 2736 1296
1.21593475341796875e-05 1 7776 11664
4.0531158447265625e-06 1 4680 2268
3.0994415283203125e-06 1 3096 1134
3.0994415283203125e-06 1 3744 2592
1.9073486328125e-06 1 2304 1512
3.0994415283203125e-06 1 5544 5292
3.0994415283203125e-06 1 296 36
1.9073486328125e-06 1 2024 252
2.8133392333984375e-05 1 64152 228690
3.88622283935546875e-05 1 143640 727650
3.0994415283203125e-06 1 28824 6930
3.814697265625e-06 1 28824 6930
2.09808349609375e-05 1 59768 201810
3.814697265625e-05 1 140280 683550
4.0531158447265625e-06 1 27128 6510
2.86102294921875e-06 1 27128 6510
2.288818359375e-05 1 59768 201810
4.482269287109375e-05 1 140280 683550
7.8678131103515625e-06 1 27128 6510
5.0067901611328125e-06 1 27128 6510
2.384185791015625e-05 1 59768 201810
4.31537628173828125e-05 1 140280 683550
3.0994415283203125e-06 1 27128 6510
2.86102294921875e-06 1 27128 6510
2.40802764892578125e-05 1 59768 201810
3.814697265625e-05 1 140280 683550
3.0994415283203125e-06 1 27128 6510
3.0994415283203125e-06 1 27128 6510
2.21729278564453125e-05 1 59768 201810
3.69548797607421875e-05 1 140280 683550
2.86102294921875e-06 1 27128 6510
2.1457672119140625e-06 1 27128 6510
4.0531158447265625e-06 1 6720 1568
2.47955322265625e-05 1 6720 1568
2.1457672119140625e-06 1 576 224
3.0994415283203125e-06 1 7296 3584
2.86102294921875e-06 1 3936 896
3.0994415283203125e-06 1 840 392
3.0994415283203125e-06 1 8232 6860
1.9073486328125e-06 1 11592 2744
3.814697265625e-06 1 10080 6272
5.0067901611328125e-06 1 17472 10976
1.0967254638671875e-05 1 10752 15680
4.0531158447265625e-06 1 17472 10976
4.0531158447265625e-06 1 10080 6272
1.0967254638671875e-05 1 18816 43904
3.814697265625e-06 1 17472 10976
6.9141387939453125e-06 1 10752 15680
3.0994415283203125e-06 1 840 392
2.86102294921875e-06 1 576 224
2.86102294921875e-06 1 6720 1568
2.1457672119140625e-06 1 6720 1568
3.0994415283203125e-06 1 6384 3920
3.0994415283203125e-06 1 10080 6272
3.0994415283203125e-06 1 6384 3920
1.1920928955078125e-05 1 18816 43904
5.9604644775390625e-06 1 10080 6272
3.0994415283203125e-06 1 7296 3584
3.0994415283203125e-06 1 8232 6860
3.0994415283203125e-06 1 5280 5600
9.059906005859375e-06 1 10752 15680
2.86102294921875e-06 1 456 56
2.1457672119140625e-06 1 4488 560
2.8133392333984375e-05 1 62648 252150
3.0040740966796875e-05 1 94200 461250
3.0994415283203125e-06 1 25528 6150
2.86102294921875e-06 1 25528 6150
2.288818359375e-05 1 58968 228150
2.002716064453125e-05 1 91800 438750
3.0994415283203125e-06 1 24312 5850
3.0994415283203125e-06 1 24312 5850
2.12192535400390625e-05 1 58968 228150
2.9087066650390625e-05 1 91800 438750
5.0067901611328125e-06 1 24312 5850
2.86102294921875e-06 1 24312 5850
2.59876251220703125e-05 1 58968 228150
6.103515625e-05 1 91800 438750
5.0067901611328125e-06 1 24312 5850
4.0531158447265625e-06 1 24312 5850
2.88486480712890625e-05 1 58968 228150
3.2901763916015625e-05 1 91800 438750
2.86102294921875e-06 1 24312 5850
3.0994415283203125e-06 1 24312 5850
2.288818359375e-05 1 58968 228150
2.8133392333984375e-05 1 91800 438750
2.86102294921875e-06 1 24312 5850
2.1457672119140625e-06 1 24312 5850
5.0067901611328125e-06 1 4992 1152
4.0531158447265625e-06 1 4992 1152
2.1457672119140625e-06 1 512 192
3.0994415283203125e-06 1 5504 2688
2.86102294921875e-06 1 3392 768
2.86102294921875e-06 1 672 288
2.86102294921875e-06 1 6048 4320
2.86102294921875e-06 1 7392 1728
4.0531158447265625e-06 1 6912 4032
4.0531158447265625e-06 1 10272 6048
1.1920928955078125e-05 1 6888 8820
2.86102294921875e-06 1 11712 6912
3.0994415283203125e-06 1 7872 4608
6.9141387939453125e-06 1 13824 27648
2.1457672119140625e-06 1 11712 6912
5.9604644775390625e-06 1 7632 10080
2.1457672119140625e-06 1 672 288
2.1457672119140625e-06 1 512 192
1.9073486328125e-06 1 4992 1152
3.0994415283203125e-06 1 4992 1152
3.0994415283203125e-06 1 4992 2880
1.9073486328125e-06 1 6912 4032
3.814697265625e-06 1 4992 2880
1.31130218505859375e-05 1 13824 27648
4.0531158447265625e-06 1 6912 4032
3.0994415283203125e-06 1 5504 2688
3.0994415283203125e-06 1 6048 4320
2.1457672119140625e-06 1 4160 4200
8.8214874267578125e-06 1 6888 8820
2.86102294921875e-06 1 392 48
1.9073486328125e-06 1 3368 420
2.8133392333984375e-05 1 76024 329122
3.60012054443359375e-05 1 124600 681206
3.814697265625e-06 1 31672 7654
3.0994415283203125e-06 1 31672 7654
2.59876251220703125e-05 1 71832 299218
3.50475311279296875e-05 1 121752 649522
3.0994415283203125e-06 1 30232 7298
2.86102294921875e-06 1 30232 7298
2.59876251220703125e-05 1 71832 299218
3.2901763916015625e-05 1 121752 649522
5.0067901611328125e-06 1 30232 7298
3.0994415283203125e-06 1 30232 7298
3.0994415283203125e-05 1 71832 299218
3.69548797607421875e-05 1 121752 649522
3.814697265625e-06 1 30232 7298
2.86102294921875e-06 1 30232 7298
2.59876251220703125e-05 1 71832 299218
3.60012054443359375e-05 1 121752 649522
3.0994415283203125e-06 1 30232 7298
3.0994415283203125e-06 1 30232 7298
2.59876251220703125e-05 1 71832 299218
3.1948089599609375e-05 1 121752 649522
3.814697265625e-06 1 30232 7298
4.0531158447265625e-06 1 30232 7298
4.0531158447265625e-06 1 4992 1152
3.0994415283203125e-06 1 4992 1152
2.1457672119140625e-06 1 512 192
3.0994415283203125e-06 1 5504 2688
1.9073486328125e-06 1 3392 768
3.0994415283203125e-06 1 672 288
4.0531158447265625e-06 1 6048 4320
2.86102294921875e-06 1 7392 1728
3.814697265625e-06 1 6912 4032
5.0067901611328125e-06 1 10272 6048
1.0967254638671875e-05 1 6888 8820
4.0531158447265625e-06 1 11712 6912
2.86102294921875e-06 1 7872 4608
6.9141387939453125e-06 1 13824 27648
3.0994415283203125e-06 1 11712 6912
5.9604644775390625e-06 1 7632 10080
1.9073486328125e-06 1 672 288
2.1457672119140625e-06 1 512 192
3.0994415283203125e-06 1 4992 1152
2.1457672119140625e-06 1 4992 1152
2.86102294921875e-06 1 4992 2880
3.0994415283203125e-06 1 6912 4032
2.86102294921875e-06 1 4992 2880
1.0013580322265625e-05 1 13824 27648
4.0531158447265625e-06 1 6912 4032
2.86102294921875e-06 1 5504 2688
3.0994415283203125e-06 1 6048 4320
2.86102294921875e-06 1 4160 4200
1.0013580322265625e-05 1 6888 8820
3.0994415283203125e-06 1 392 48
2.1457672119140625e-06 1 3368 420
1.621246337890625e-05 1 25688 54150
2.193450927734375e-05 1 67800 213750
2.86102294921875e-06 1 12152 2850
2.86102294921875e-06 1 12152 2850
5.0067901611328125e-06 1 22712 43350
2.09808349609375e-05 1 65400 191250
3.0994415283203125e-06 1 10936 2550
2.1457672119140625e-06 1 10936 2550
1.1920928955078125e-05 1 22712 43350
2.09808349609375e-05 1 65400 191250
3.0994415283203125e-06 1 10936 2550
2.1457672119140625e-06 1 10936 2550
1.2874603271484375e-05 1 22712 43350
2.59876251220703125e-05 1 65400 191250
1.9073486328125e-06 1 10936 2550
2.86102294921875e-06 1 10936 2550
9.059906005859375e-06 1 22712 43350
2.69412994384765625e-05 1 65400 191250
3.0994415283203125e-06 1 10936 2550
1.9073486328125e-06 1 10936 2550
1.12056732177734375e-05 1 22712 43350
2.193450927734375e-05 1 65400 191250
2.86102294921875e-06 1 10936 2550
3.0994415283203125e-06 1 10936 2550
4.0531158447265625e-06 1 2880 648
1.9073486328125e-06 1 2880 648
3.0994415283203125e-06 1 360 108
3.0994415283203125e-06 1 3096 1134
2.1457672119140625e-06 1 1512 324
2.1457672119140625e-06 1 576 216
3.0994415283203125e-06 1 3744 2592
3.0994415283203125e-06 1 5616 1296
4.0531158447265625e-06 1 4680 2268
6.198883056640625e-06 1 9216 4536
3.0994415283203125e-06 1 5544 5292
4.0531158447265625e-06 1 7920 3888
1.9073486328125e-06 1 4032 1944
1.21593475341796875e-05 1 7776 11664
3.0994415283203125e-06 1 7920 3888
3.0994415283203125e-06 1 4896 4536
2.86102294921875e-06 1 576 216
2.1457672119140625e-06 1 360 108
2.86102294921875e-06 1 2880 648
1.9073486328125e-06 1 2880 648
2.86102294921875e-06 1 2736 1296
2.86102294921875e-06 1 4680 2268
4.0531158447265625e-06 1 2736 1296
1.0013580322265625e-05 1 7776 11664
3.814697265625e-06 1 4680 2268
1.9073486328125e-06 1 3096 1134
2.86102294921875e-06 1 3744 2592
2.1457672119140625e-06 1 2304 1512
1.9073486328125e-06 1 5544 5292
3.0994415283203125e-06 1 296 36
1.9073486328125e-06 1 2024 252
2.002716064453125e-05 1 31080 72324
2.59876251220703125e-05 1 81344 282408
2.86102294921875e-06 1 14600 3444
2.1457672119140625e-06 1 14600 3444
1.3828277587890625e-05 1 27816 59204
2.59876251220703125e-05 1 78720 255512
2.86102294921875e-06 1 13272 3116
3.0994415283203125e-06 1 13272 3116
1.4781951904296875e-05 1 27816 59204
3.21865081787109375e-05 1 78720 255512
2.86102294921875e-06 1 13272 3116
4.0531158447265625e-06 1 13272 3116
1.0013580322265625e-05 1 27816 59204
3.21865081787109375e-05 1 78720 255512
4.0531158447265625e-06 1 13272 3116
3.0994415283203125e-06 1 13272 3116
1.3828277587890625e-05 1 27816 59204
2.59876251220703125e-05 1 78720 255512
2.86102294921875e-06 1 13272 3116
2.86102294921875e-06 1 13272 3116
1.31130218505859375e-05 1 27816 59204
2.31266021728515625e-05 1 78720 255512
3.0994415283203125e-06 1 13272 3116
2.86102294921875e-06 1 13272 3116
3.814697265625e-06 1 2880 648
1.9073486328125e-06 1 2880 648
3.0994415283203125e-06 1 360 108
2.86102294921875e-06 1 3096 1134
2.86102294921875e-06 1 1512 324
2.86102294921875e-06 1 576 216
2.1457672119140625e-06 1 3744 2592
1.9073486328125e-06 1 5616 1296
3.0994415283203125e-06 1 4680 2268
5.9604644775390625e-06 1 9216 4536
2.86102294921875e-06 1 5544 5292
4.0531158447265625e-06 1 7920 3888
2.1457672119140625e-06 1 4032 1944
1.0967254638671875e-05 1 7776 11664
2.86102294921875e-06 1 7920 3888
2.86102294921875e-06 1 4896 4536
1.9073486328125e-06 1 576 216
2.1457672119140625e-06 1 360 108
1.9073486328125e-06 1 2880 648
1.9073486328125e-06 1 2880 648
3.0994415283203125e-06 1 2736 1296
2.86102294921875e-06 1 4680 2268
3.0994415283203125e-06 1 2736 1296
1.0013580322265625e-05 1 7776 11664
2.86102294921875e-06 1 4680 2268
3.0994415283203125e-06 1 3096 1134
2.86102294921875e-06 1 3744 2592
2.86102294921875e-06 1 2304 1512
2.86102294921875e-06 1 5544 5292
2.1457672119140625e-06 1 296 36
2.1457672119140625e-06 1 2024 252
1.69277191162109375e-05 1 36984 94162
2.88486480712890625e-05 1 96120 364366
2.86102294921875e-06 1 17272 4094
3.0994415283203125e-06 1 17272 4094
1.59740447998046875e-05 1 33432 78498
2.59876251220703125e-05 1 93272 332682
3.0994415283203125e-06 1 15832 3738
2.86102294921875e-06 1 15832 3738
7.8678131103515625e-06 1 33432 78498
2.69412994384765625e-05 1 93272 332682
4.0531158447265625e-06 1 15832 3738
5.9604644775390625e-06 1 15832 3738
1.50203704833984375e-05 1 33432 78498
3.0994415283203125e-05 1 93272 332682
5.9604644775390625e-06 1 15832 3738
3.814697265625e-06 1 15832 3738
1.811981201171875e-05 1 33432 78498
2.59876251220703125e-05 1 93272 332682
9.059906005859375e-06 1 15832 3738
7.152557373046875e-06 1 15832 3738
1.9073486328125e-05 1 33432 78498
2.8133392333984375e-05 1 93272 332682
3.0994415283203125e-06 1 15832 3738
3.0994415283203125e-06 1 15832 3738
3.814697265625e-06 1 2880 648
2.1457672119140625e-06 1 2880 648
1.9073486328125e-06 1 360 108
3.0994415283203125e-06 1 3096 1134
1.9073486328125e-06 1 1512 324
3.0994415283203125e-06 1 576 216
2.1457672119140625e-06 1 3744 2592
1.9073486328125e-06 1 5616 1296
3.0994415283203125e-06 1 4680 2268
5.9604644775390625e-06 1 9216 4536
3.0994415283203125e-06 1 5544 5292
2.86102294921875e-06 1 7920 3888
2.86102294921875e-06 1 4032 1944
1.21593475341796875e-05 1 7776 11664
2.86102294921875e-06 1 7920 3888
2.86102294921875e-06 1 4896 4536
3.0994415283203125e-06 1 576 216
1.9073486328125e-06 1 360 108
1.9073486328125e-06 1 2880 648
2.86102294921875e-06 1 2880 648
2.86102294921875e-06 1 2736 1296
2.86102294921875e-06 1 4680 2268
3.0994415283203125e-06 1 2736 1296
1.0013580322265625e-05 1 7776 11664
3.814697265625e-06 1 4680 2268
3.0994415283203125e-06 1 3096 1134
3.0994415283203125e-06 1 3744 2592
1.9073486328125e-06 1 2304 1512
3.0994415283203125e-06 1 5544 5292
1.88350677490234375e-05 1 296 36
3.0994415283203125e-06 1 2024 252
2.31266021728515625e-05 1 38232 109350
2.50339508056640625e-05 1 77400 303750
2.86102294921875e-06 1 17016 4050
1.9073486328125e-06 1 17016 4050
1.78813934326171875e-05 1 35000 93750
2.50339508056640625e-05 1 75000 281250
3.0994415283203125e-06 1 15800 3750
1.9073486328125e-06 1 15800 3750
1.59740447998046875e-05 1 35000 93750
2.50339508056640625e-05 1 75000 281250
5.9604644775390625e-06 1 15800 3750
6.9141387939453125e-06 1 15800 3750
2.193450927734375e-05 1 35000 93750
4.1961669921875e-05 1 75000 281250
9.059906005859375e-06 1 15800 3750
4.0531158447265625e-06 1 15800 3750
4.31537628173828125e-05 1 35000 93750
3.0040740966796875e-05 1 75000 281250
4.0531158447265625e-06 1 15800 3750
3.0994415283203125e-06 1 15800 3750
1.69277191162109375e-05 1 35000 93750
2.50339508056640625e-05 1 75000 281250
2.86102294921875e-06 1 15800 3750
2.86102294921875e-06 1 15800 3750
4.0531158447265625e-06 1 2880 648
1.9073486328125e-06 1 2880 648
3.0994415283203125e-06 1 360 108
3.0994415283203125e-06 1 3096 1134
1.9073486328125e-06 1 1512 324
1.9073486328125e-06 1 576 216
2.86102294921875e-06 1 3744 2592
2.1457672119140625e-06 1 5616 1296
3.814697265625e-06 1 4680 2268
5.9604644775390625e-06 1 9216 4536
2.86102294921875e-06 1 5544 5292
4.0531158447265625e-06 1 7920 3888
1.9073486328125e-06 1 4032 1944
1.12056732177734375e-05 1 7776 11664
2.86102294921875e-06 1 7920 3888
3.0994415283203125e-06 1 4896 4536
3.0994415283203125e-06 1 576 216
1.9073486328125e-06 1 360 108
3.0994415283203125e-06 1 2880 648
1.9073486328125e-06 1 2880 648
3.0994415283203125e-06 1 2736 1296
4.0531158447265625e-06 1 4680 2268
3.0994415283203125e-06 1 2736 1296
1.0967254638671875e-05 1 7776 11664
3.814697265625e-06 1 4680 2268
2.86102294921875e-06 1 3096 1134
4.0531158447265625e-06 1 3744 2592
1.9073486328125e-06 1 2304 1512
2.1457672119140625e-06 1 5544 5292
3.0994415283203125e-06 1 296 36
1.9073486328125e-06 1 2024 252
2.50339508056640625e-05 1 44776 137924
2.88486480712890625e-05 1 91840 389992
2.86102294921875e-06 1 19912 4756
2.1457672119140625e-06 1 19912 4756
1.9073486328125e-05 1 41256 119556
2.69412994384765625e-05 1 89216 363096
2.86102294921875e-06 1 18584 4428
1.9073486328125e-06 1 18584 4428
2.21729278564453125e-05 1 41256 119556
2.288818359375e-05 1 89216 363096
5.0067901611328125e-06 1 18584 4428
7.8678131103515625e-06 1 18584 4428
2.50339508056640625e-05 1 41256 119556
4.100799560546875e-05 1 89216 363096
5.0067901611328125e-06 1 18584 4428
2.86102294921875e-06 1 18584 4428
4.31537628173828125e-05 1 41256 119556
3.40938568115234375e-05 1 89216 363096
4.0531158447265625e-06 1 18584 4428
3.0994415283203125e-06 1 18584 4428
2.09808349609375e-05 1 41256 119556
3.31401824951171875e-05 1 89216 363096
4.0531158447265625e-06 1 18584 4428
3.0994415283203125e-06 1 18584 4428
4.0531158447265625e-06 1 2880 648
2.86102294921875e-06 1 2880 648
3.0994415283203125e-06 1 360 108
2.86102294921875e-06 1 3096 1134
1.9073486328125e-06 1 1512 324
2.1457672119140625e-06 1 576 216
3.0994415283203125e-06 1 3744 2592
1.9073486328125e-06 1 5616 1296
2.86102294921875e-06 1 4680 2268
5.9604644775390625e-06 1 9216 4536
3.0994415283203125e-06 1 5544 5292
3.814697265625e-06 1 7920 3888
1.9073486328125e-06 1 4032 1944
1.21593475341796875e-05 1 7776 11664
2.86102294921875e-06 1 7920 3888
3.0994415283203125e-06 1 4896 4536
2.1457672119140625e-06 1 576 216
2.1457672119140625e-06 1 360 108
1.9073486328125e-06 1 2880 648
1.9073486328125e-06 1 2880 648
3.0994415283203125e-06 1 2736 1296
2.86102294921875e-06 1 4680 2268
3.0994415283203125e-06 1 2736 1296
9.059906005859375e-06 1 7776 11664
3.0994415283203125e-06 1 4680 2268
4.0531158447265625e-06 1 3096 1134
3.0994415283203125e-06 1 3744 2592
2.86102294921875e-06 1 2304 1512
3.0994415283203125e-06 1 5544 5292
3.0994415283203125e-06 1 296 36
2.1457672119140625e-06 1 2024 252
2.7179718017578125e-05 1 51832 171058
3.3855438232421875e-05 1 107512 491102
4.0531158447265625e-06 1 23032 5518
4.0531158447265625e-06 1 23032 5518
2.002716064453125e-05 1 48024 149698
2.9087066650390625e-05 1 104664 459418
3.814697265625e-06 1 21592 5162
3.0994415283203125e-06 1 21592 5162
2.09808349609375e-05 1 48024 149698
2.69412994384765625e-05 1 104664 459418
6.9141387939453125e-06 1 21592 5162
3.814697265625e-06 1 21592 5162
2.288818359375e-05 1 48024 149698
3.910064697265625e-05 1 104664 459418
2.86102294921875e-06 1 21592 5162
3.0994415283203125e-06 1 21592 5162
4.31537628173828125e-05 1 48024 149698
0.0001080036163330078125 1 104664 459418
4.76837158203125e-06 1 21592 5162
3.0994415283203125e-06 1 21592 5162
2.193450927734375e-05 1 48024 149698
4.100799560546875e-05 1 104664 459418
3.0994415283203125e-06 1 21592 5162
2.86102294921875e-06 1 21592 5162
4.0531158447265625e-06 1 2880 648
2.86102294921875e-06 1 2880 648
2.1457672119140625e-06 1 360 108
1.9073486328125e-06 1 3096 1134
2.86102294921875e-06 1 1512 324
3.0994415283203125e-06 1 576 216
3.0994415283203125e-06 1 3744 2592
3.0994415283203125e-06 1 5616 1296
4.0531158447265625e-06 1 4680 2268
7.152557373046875e-06 1 9216 4536
2.86102294921875e-06 1 5544 5292
2.86102294921875e-06 1 7920 3888
3.0994415283203125e-06 1 4032 1944
1.31130218505859375e-05 1 7776 11664
3.0994415283203125e-06 1 7920 3888
3.0994415283203125e-06 1 4896 4536
3.0994415283203125e-06 1 576 216
3.0994415283203125e-06 1 360 108
3.0994415283203125e-06 1 2880 648
1.9073486328125e-06 1 2880 648
3.0994415283203125e-06 1 2736 1296
2.86102294921875e-06 1 4680 2268
3.0994415283203125e-06 1 2736 1296
9.059906005859375e-06 1 7776 11664
3.0994415283203125e-06 1 4680 2268
3.0994415283203125e-06 1 3096 1134
3.0994415283203125e-06 1 3744 2592
2.86102294921875e-06 1 2304 1512
3.0994415283203125e-06 1 5544 5292
2.1457672119140625e-06 1 296 36
1.9073486328125e-06 1 2024 252
2.88486480712890625e-05 1 53568 194400
2.88486480712890625e-05 1 88200 405000
4.0531158447265625e-06 1 22488 5400
4.0531158447265625e-06 1 22488 5400
2.40802764892578125e-05 1 50048 173400
2.8133392333984375e-05 1 85800 382500
3.814697265625e-06 1 21272 5100
3.0994415283203125e-06 1 21272 5100
2.288818359375e-05 1 50048 173400
4.50611114501953125e-05 1 85800 382500
8.106231689453125e-06 1 21272 5100
4.0531158447265625e-06 1 21272 5100
2.59876251220703125e-05 1 50048 173400
8.20159912109375e-05 1 85800 382500
4.0531158447265625e-06 1 21272 5100
2.86102294921875e-06 1 21272 5100
2.31266021728515625e-05 1 50048 173400
2.88486480712890625e-05 1 85800 382500
2.86102294921875e-06 1 21272 5100
1.9073486328125e-06 1 21272 5100
6.69956207275390625e-05 1 50048 173400
3.79085540771484375e-05 1 85800 382500
3.0994415283203125e-06 1 21272 5100
3.0994415283203125e-06 1 21272 5100
3.814697265625e-06 1 4992 1152
1.9073486328125e-06 1 4992 1152
3.0994415283203125e-06 1 512 192
1.9073486328125e-06 1 5504 2688
3.814697265625e-06 1 3392 768
3.0994415283203125e-06 1 672 288
2.86102294921875e-06 1 6048 4320
3.0994415283203125e-06 1 7392 1728
3.814697265625e-06 1 6912 4032
4.0531158447265625e-06 1 10272 6048
2.9087066650390625e-05 1 6888 8820
4.0531158447265625e-06 1 11712 6912
2.86102294921875e-06 1 7872 4608
7.8678131103515625e-06 1 13824 27648
2.86102294921875e-06 1 11712 6912
8.106231689453125e-06 1 7632 10080
3.0994415283203125e-06 1 672 288
2.86102294921875e-06 1 512 192
2.86102294921875e-06 1 4992 1152
2.86102294921875e-06 1 4992 1152
3.0994415283203125e-06 1 4992 2880
2.86102294921875e-06 1 6912 4032
3.0994415283203125e-06 1 4992 2880
1.21593475341796875e-05 1 13824 27648
4.0531158447265625e-06 1 6912 4032
2.86102294921875e-06 1 5504 2688
2.86102294921875e-06 1 6048 4320
3.0994415283203125e-06 1 4160 4200
1.0013580322265625e-05 1 6888 8820
2.86102294921875e-06 1 392 48
3.0994415283203125e-06 1 3368 420
2.50339508056640625e-05 1 61408 236816
3.40938568115234375e-05 1 103648 511024
4.0531158447265625e-06 1 25888 6232
3.0994415283203125e-06 1 25888 6232
2.40802764892578125e-05 1 57600 212544
3.1948089599609375e-05 1 101024 484128
3.0994415283203125e-06 1 24560 5904
3.0994415283203125e-06 1 24560 5904
2.288818359375e-05 1 57600 212544
2.9087066650390625e-05 1 101024 484128
9.059906005859375e-06 1 24560 5904
5.0067901611328125e-06 1 24560 5904
2.59876251220703125e-05 1 57600 212544
7.2002410888671875e-05 1 101024 484128
3.814697265625e-06 1 24560 5904
2.1457672119140625e-06 1 24560 5904
2.384185791015625e-05 1 57600 212544
3.0040740966796875e-05 1 101024 484128
6.198883056640625e-06 1 24560 5904
5.9604644775390625e-06 1 24560 5904
2.8133392333984375e-05 1 57600 212544
2.69412994384765625e-05 1 101024 484128
4.0531158447265625e-06 1 24560 5904
3.814697265625e-06 1 24560 5904
4.0531158447265625e-06 1 4992 1152
2.86102294921875e-06 1 4992 1152
1.9073486328125e-06 1 512 192
3.0994415283203125e-06 1 5504 2688
1.9073486328125e-06 1 3392 768
3.0994415283203125e-06 1 672 288
3.0994415283203125e-06 1 6048 4320
3.0994415283203125e-06 1 7392 1728
3.0994415283203125e-06 1 6912 4032
3.0994415283203125e-06 1 10272 6048
1.12056732177734375e-05 1 6888 8820
2.86102294921875e-06 1 11712 6912
4.0531158447265625e-06 1 7872 4608
7.8678131103515625e-06 1 13824 27648
2.86102294921875e-06 1 11712 6912
5.9604644775390625e-06 1 7632 10080
1.9073486328125e-06 1 672 288
1.9073486328125e-06 1 512 192
2.1457672119140625e-06 1 4992 1152
1.9073486328125e-06 1 4992 1152
3.0994415283203125e-06 1 4992 2880
2.1457672119140625e-06 1 6912 4032
3.0994415283203125e-06 1 4992 2880
1.0013580322265625e-05 1 13824 27648
4.0531158447265625e-06 1 6912 4032
2.86102294921875e-06 1 5504 2688
3.0994415283203125e-06 1 6048 4320
4.0531158447265625e-06 1 4160 4200
8.8214874267578125e-06 1 6888 8820
3.0994415283203125e-06 1 392 48
2.1457672119140625e-06 1 3368 420
1.7469877421948153483119090200788929806256788435092630606959573924541473388671875e-13 3.51818283430839817565646191797694951330921497856252244673669338226318359375e-10 7.75336176387011704727193763324628460360810056073432861012406647205352783203125e-12
7.70092010498046875e-05 1 25688 54150
3.50475311279296875e-05 1 67800 213750
4.0531158447265625e-06 1 12152 2850
4.0531158447265625e-06 1 12152 2850
1.1920928955078125e-05 1 22712 43350
2.384185791015625e-05 1 65400 191250
4.0531158447265625e-06 1 10936 2550
3.0994415283203125e-06 1 10936 2550
1.50203704833984375e-05 1 22712 43350
2.59876251220703125e-05 1 65400 191250
3.0994415283203125e-06 1 10936 2550
3.0994415283203125e-06 1 10936 2550
1.1920928955078125e-05 1 22712 43350
2.09808349609375e-05 1 65400 191250
3.0994415283203125e-06 1 10936 2550
1.9073486328125e-06 1 10936 2550
1.0967254638671875e-05 1 22712 43350
2.09808349609375e-05 1 65400 191250
1.9073486328125e-06 1 10936 2550
2.86102294921875e-06 1 10936 2550
1.0967254638671875e-05 1 22712 43350
2.09808349609375e-05 1 65400 191250
2.86102294921875e-06 1 10936 2550
2.86102294921875e-06 1 10936 2550
4.0531158447265625e-06 1 2880 648
4.0531158447265625e-06 1 2880 648
1.9073486328125e-06 1 360 108
3.0994415283203125e-06 1 3096 1134
4.0531158447265625e-06 1 1512 324
4.0531158447265625e-06 1 576 216
3.0994415283203125e-06 1 3744 2592
3.0994415283203125e-06 1 5616 1296
5.0067901611328125e-06 1 4680 2268
4.76837158203125e-06 1 9216 4536
3.814697265625e-06 1 5544 5292
4.0531158447265625e-06 1 7920 3888
2.86102294921875e-06 1 4032 1944
2.002716064453125e-05 1 7776 11664
3.0994415283203125e-06 1 7920 3888
4.0531158447265625e-06 1 4896 4536
3.0994415283203125e-06 1 576 216
4.0531158447265625e-06 1 360 108
2.86102294921875e-06 1 2880 648
4.0531158447265625e-06 1 2880 648
3.0994415283203125e-06 1 2736 1296
5.0067901611328125e-06 1 4680 2268
4.0531158447265625e-06 1 2736 1296
1.2874603271484375e-05 1 7776 11664
5.0067901611328125e-06 1 4680 2268
4.76837158203125e-06 1 3096 1134
3.814697265625e-06 1 3744 2592
1.9073486328125e-06 1 2304 1512
4.0531158447265625e-06 1 5544 5292
2.86102294921875e-06 1 296 36
3.0994415283203125e-06 1 2024 252
7.60555267333984375e-05 1 66360 164934
0.000171184539794921875 1 342584 1468698
3.814697265625e-06 1 33080 7854
1.9073486328125e-05 1 33080 7854
4.100799560546875e-05 1 59736 135014
8.79764556884765625e-05 1 336600 1328822
5.0067901611328125e-06 1 30072 7106
4.0531158447265625e-06 1 30072 7106
4.482269287109375e-05 1 59736 135014
8.9168548583984375e-05 1 336600 1328822
2.86102294921875e-06 1 30072 7106
4.0531158447265625e-06 1 30072 7106
3.910064697265625e-05 1 59736 135014
8.98838043212890625e-05 1 336600 1328822
4.0531158447265625e-06 1 30072 7106
5.0067901611328125e-06 1 30072 7106
3.1948089599609375e-05 1 59736 135014
8.70227813720703125e-05 1 336600 1328822
2.86102294921875e-06 1 30072 7106
2.50339508056640625e-05 1 30072 7106
3.2901763916015625e-05 1 59736 135014
8.60691070556640625e-05 1 336600 1328822
4.0531158447265625e-06 1 30072 7106
4.0531158447265625e-06 1 30072 7106
5.0067901611328125e-06 1 6264 1458
4.0531158447265625e-06 1 6264 1458
2.86102294921875e-06 1 504 162
4.0531158447265625e-06 1 6552 2430
1.9073486328125e-06 1 2232 486
3.0994415283203125e-06 1 1080 486
1.21593475341796875e-05 1 8424 8748
2.86102294921875e-06 1 18360 4374
5.9604644775390625e-06 1 13176 7290
1.0967254638671875e-05 1 39096 21870
8.8214874267578125e-06 1 20520 24300
5.9604644775390625e-06 1 23544 13122
2.86102294921875e-06 1 7992 4374
7.8678131103515625e-06 1 17496 39366
5.0067901611328125e-06 1 23544 13122
8.106231689453125e-06 1 13176 14580
1.9073486328125e-06 1 1080 486
3.0994415283203125e-06 1 504 162
3.0994415283203125e-06 1 6264 1458
3.0994415283203125e-06 1 6264 1458
3.814697265625e-06 1 5400 2916
6.198883056640625e-06 1 13176 7290
4.0531158447265625e-06 1 5400 2916
1.0013580322265625e-05 1 17496 39366
5.0067901611328125e-06 1 13176 7290
2.86102294921875e-06 1 6552 2430
3.0994415283203125e-06 1 8424 8748
3.0994415283203125e-06 1 4608 3240
5.0067901611328125e-06 1 20520 24300
3.0994415283203125e-06 1 440 54
3.0994415283203125e-06 1 4328 540
1.59740447998046875e-05 1 25688 54150
2.384185791015625e-05 1 67800 213750
1.9073486328125e-06 1 12152 2850
3.0994415283203125e-06 1 12152 2850
1.1920928955078125e-05 1 22712 43350
2.47955322265625e-05 1 65400 191250
1.9073486328125e-06 1 10936 2550
2.86102294921875e-06 1 10936 2550
1.1920928955078125e-05 1 22712 43350
3.4809112548828125e-05 1 65400 191250
2.86102294921875e-06 1 10936 2550
3.0994415283203125e-06 1 10936 2550
1.3828277587890625e-05 1 22712 43350
2.78949737548828125e-05 1 65400 191250
4.0531158447265625e-06 1 10936 2550
2.1457672119140625e-06 1 10936 2550
1.1920928955078125e-05 1 22712 43350
2.50339508056640625e-05 1 65400 191250
8.106231689453125e-06 1 10936 2550
5.0067901611328125e-06 1 10936 2550
1.31130218505859375e-05 1 22712 43350
2.69412994384765625e-05 1 65400 191250
3.0994415283203125e-06 1 10936 2550
2.1457672119140625e-06 1 10936 2550
4.0531158447265625e-06 1 2880 648
3.814697265625e-06 1 2880 648
3.814697265625e-06 1 360 108
4.0531158447265625e-06 1 3096 1134
2.86102294921875e-06 1 1512 324
3.0994415283203125e-06 1 576 216
3.814697265625e-06 1 3744 2592
3.0994415283203125e-06 1 5616 1296
4.0531158447265625e-06 1 4680 2268
6.9141387939453125e-06 1 9216 4536
4.0531158447265625e-06 1 5544 5292
4.0531158447265625e-06 1 7920 3888
1.9073486328125e-06 1 4032 1944
1.21593475341796875e-05 1 7776 11664
2.86102294921875e-06 1 7920 3888
3.0994415283203125e-06 1 4896 4536
2.86102294921875e-06 1 576 216
3.0994415283203125e-06 1 360 108
2.86102294921875e-06 1 2880 648
3.0994415283203125e-06 1 2880 648
2.86102294921875e-06 1 2736 1296
3.814697265625e-06 1 4680 2268
4.0531158447265625e-06 1 2736 1296
1.0967254638671875e-05 1 7776 11664
4.0531158447265625e-06 1 4680 2268
3.0994415283203125e-06 1 3096 1134
3.0994415283203125e-06 1 3744 2592
1.9073486328125e-06 1 2304 1512
3.0994415283203125e-06 1 5544 5292
3.0994415283203125e-06 1 296 36
1.9073486328125e-06 1 2024 252
4.1961669921875e-05 1 47544 115542
8.60691070556640625e-05 1 181304 720762
2.86102294921875e-06 1 23224 5502
3.0994415283203125e-06 1 23224 5502
1.69277191162109375e-05 1 42712 94582
0.0001060962677001953125 1 177112 652118
2.86102294921875e-06 1 21112 4978
3.0994415283203125e-06 1 21112 4978
1.78813934326171875e-05 1 42712 94582
8.51154327392578125e-05 1 177112 652118
3.814697265625e-06 1 21112 4978
3.0994415283203125e-06 1 21112 4978
1.9073486328125e-05 1 42712 94582
0.000174045562744140625 1 177112 652118
7.8678131103515625e-06 1 21112 4978
5.9604644775390625e-06 1 21112 4978
2.002716064453125e-05 1 42712 94582
7.79628753662109375e-05 1 177112 652118
4.0531158447265625e-06 1 21112 4978
4.0531158447265625e-06 1 21112 4978
2.002716064453125e-05 1 42712 94582
5.60283660888671875e-05 1 177112 652118
4.0531158447265625e-06 1 21112 4978
1.9073486328125e-06 1 21112 4978
4.0531158447265625e-06 1 4992 1152
3.0994415283203125e-06 1 4992 1152
1.9073486328125e-06 1 456 144
2.1457672119140625e-06 1 5256 1944
2.1457672119140625e-06 1 1992 432
1.9073486328125e-06 1 896 384
1.9073486328125e-06 1 6656 6144
2.1457672119140625e-06 1 12992 3072
5.0067901611328125e-06 1 9696 5184
5.0067901611328125e-06 1 25536 13824
1.12056732177734375e-05 1 13824 15552
6.198883056640625e-06 1 17088 9216
3.0994415283203125e-06 1 6528 3456
7.8678131103515625e-06 1 13824 27648
4.0531158447265625e-06 1 17088 9216
9.059906005859375e-06 1 9792 10368
2.86102294921875e-06 1 896 384
2.1457672119140625e-06 1 456 144
2.86102294921875e-06 1 4992 1152
1.9073486328125e-06 1 4992 1152
2.86102294921875e-06 1 4416 2304
4.0531158447265625e-06 1 9696 5184
3.814697265625e-06 1 4416 2304
8.8214874267578125e-06 1 13824 27648
3.814697265625e-06 1 9696 5184
3.0994415283203125e-06 1 5256 1944
1.9073486328125e-06 1 6656 6144
1.9073486328125e-06 1 3744 2592
2.86102294921875e-06 1 13824 15552
1.9073486328125e-06 1 392 48
2.1457672119140625e-06 1 3464 432
1.59740447998046875e-05 1 25688 54150
2.31266021728515625e-05 1 67800 213750
3.0994415283203125e-06 1 12152 2850
2.86102294921875e-06 1 12152 2850
1.0967254638671875e-05 1 22712 43350
2.50339508056640625e-05 1 65400 191250
3.0994415283203125e-06 1 10936 2550
2.86102294921875e-06 1 10936 2550
1.1920928955078125e-05 1 22712 43350
2.384185791015625e-05 1 65400 191250
1.9073486328125e-06 1 10936 2550
4.0531158447265625e-06 1 10936 2550
1.0967254638671875e-05 1 22712 43350
2.288818359375e-05 1 65400 191250
2.86102294921875e-06 1 10936 2550
5.9604644775390625e-06 1 10936 2550
1.2874603271484375e-05 1 22712 43350
3.0040740966796875e-05 1 65400 191250
2.86102294921875e-06 1 10936 2550
3.0994415283203125e-06 1 10936 2550
6.9141387939453125e-06 1 22712 43350
2.50339508056640625e-05 1 65400 191250
3.0994415283203125e-06 1 10936 2550
2.86102294921875e-06 1 10936 2550
4.0531158447265625e-06 1 2880 648
3.0994415283203125e-06 1 2880 648
1.9073486328125e-06 1 360 108
2.86102294921875e-06 1 3096 1134
1.9073486328125e-06 1 1512 324
1.9073486328125e-06 1 576 216
1.9073486328125e-06 1 3744 2592
3.0994415283203125e-06 1 5616 1296
3.0994415283203125e-06 1 4680 2268
6.198883056640625e-06 1 9216 4536
3.0994415283203125e-06 1 5544 5292
3.0994415283203125e-06 1 7920 3888
1.9073486328125e-06 1 4032 1944
1.1920928955078125e-05 1 7776 11664
2.86102294921875e-06 1 7920 3888
2.86102294921875e-06 1 4896 4536
3.0994415283203125e-06 1 576 216
1.9073486328125e-06 1 360 108
2.1457672119140625e-06 1 2880 648
1.9073486328125e-06 1 2880 648
2.1457672119140625e-06 1 2736 1296
4.0531158447265625e-06 1 4680 2268
2.86102294921875e-06 1 2736 1296
1.0013580322265625e-05 1 7776 11664
1.9073486328125e-06 1 4680 2268
3.0994415283203125e-06 1 3096 1134
2.86102294921875e-06 1 3744 2592
1.9073486328125e-06 1 2304 1512
2.86102294921875e-06 1 5544 5292
3.0994415283203125e-06 1 296 36
1.9073486328125e-06 1 2024 252
1.69277191162109375e-05 1 38136 90846
3.1948089599609375e-05 1 119480 445578
4.0531158447265625e-06 1 18296 4326
3.0994415283203125e-06 1 18296 4326
1.59740447998046875e-05 1 34200 74366
2.8133392333984375e-05 1 116184 403142
3.0994415283203125e-06 1 16632 3914
2.86102294921875e-06 1 16632 3914
1.59740447998046875e-05 1 34200 74366
3.0040740966796875e-05 1 116184 403142
3.0994415283203125e-06 1 16632 3914
4.0531158447265625e-06 1 16632 3914
1.59740447998046875e-05 1 34200 74366
5.69820404052734375e-05 1 116184 403142
5.0067901611328125e-06 1 16632 3914
3.814697265625e-06 1 16632 3914
1.811981201171875e-05 1 34200 74366
3.50475311279296875e-05 1 116184 403142
3.0994415283203125e-06 1 16632 3914
3.0994415283203125e-06 1 16632 3914
1.3828277587890625e-05 1 34200 74366
3.21865081787109375e-05 1 116184 403142
3.0994415283203125e-06 1 16632 3914
3.0994415283203125e-06 1 16632 3914
5.0067901611328125e-06 1 3864 882
4.0531158447265625e-06 1 3864 882
1.9073486328125e-06 1 408 126
2.86102294921875e-06 1 4104 1512
1.9073486328125e-06 1 1752 378
2.86102294921875e-06 1 728 294
3.0994415283203125e-06 1 5096 4116
3.0994415283203125e-06 1 8792 2058
4.0531158447265625e-06 1 6888 3528
9.059906005859375e-06 1 15848 8232
1.12056732177734375e-05 1 8960 9408
4.0531158447265625e-06 1 11928 6174
3.0994415283203125e-06 1 5208 2646
7.8678131103515625e-06 1 10584 18522
4.0531158447265625e-06 1 11928 6174
2.86102294921875e-06 1 7056 7056
2.1457672119140625e-06 1 728 294
1.9073486328125e-06 1 408 126
3.0994415283203125e-06 1 3864 882
3.0994415283203125e-06 1 3864 882
3.0994415283203125e-06 1 3528 1764
4.0531158447265625e-06 1 6888 3528
3.0994415283203125e-06 1 3528 1764
7.152557373046875e-06 1 10584 18522
4.0531158447265625e-06 1 6888 3528
2.86102294921875e-06 1 4104 1512
5.0067901611328125e-06 1 5096 4116
2.86102294921875e-06 1 2976 2016
2.86102294921875e-06 1 8960 9408
3.0994415283203125e-06 1 344 42
2.86102294921875e-06 1 2696 336
2.40802764892578125e-05 1 56120 149178
0.000134944915771484375 1 210936 914526
3.814697265625e-06 1 27256 6486
4.0531158447265625e-06 1 27256 6486
4.00543212890625e-05 1 50904 124362
8.60691070556640625e-05 1 206424 835002
3.0994415283203125e-06 1 24984 5922
3.0994415283203125e-06 1 24984 5922
4.100799560546875e-05 1 50904 124362
9.1075897216796875e-05 1 206424 835002
3.814697265625e-06 1 24984 5922
1.88350677490234375e-05 1 24984 5922
3.4809112548828125e-05 1 50904 124362
0.000113010406494140625 1 206424 835002
4.0531158447265625e-06 1 24984 5922
3.0994415283203125e-06 1 24984 5922
2.78949737548828125e-05 1 50904 124362
7.79628753662109375e-05 1 206424 835002
4.0531158447265625e-06 1 24984 5922
2.86102294921875e-06 1 24984 5922
2.69412994384765625e-05 1 50904 124362
0.0001280307769775390625 1 206424 835002
3.0994415283203125e-06 1 24984 5922
2.86102294921875e-06 1 24984 5922
5.0067901611328125e-06 1 4992 1152
4.0531158447265625e-06 1 4992 1152
3.0994415283203125e-06 1 456 144
2.86102294921875e-06 1 5256 1944
1.9073486328125e-06 1 1992 432
2.86102294921875e-06 1 896 384
2.86102294921875e-06 1 6656 6144
2.86102294921875e-06 1 12992 3072
4.0531158447265625e-06 1 9696 5184
9.059906005859375e-06 1 25536 13824
1.12056732177734375e-05 1 13824 15552
2.193450927734375e-05 1 17088 9216
3.0994415283203125e-06 1 6528 3456
1.0013580322265625e-05 1 13824 27648
4.0531158447265625e-06 1 17088 9216
5.9604644775390625e-06 1 9792 10368
2.1457672119140625e-06 1 896 384
2.86102294921875e-06 1 456 144
2.1457672119140625e-06 1 4992 1152
1.9073486328125e-06 1 4992 1152
2.86102294921875e-06 1 4416 2304
5.0067901611328125e-06 1 9696 5184
3.0994415283203125e-06 1 4416 2304
9.059906005859375e-06 1 13824 27648
4.0531158447265625e-06 1 9696 5184
4.0531158447265625e-06 1 5256 1944
2.86102294921875e-06 1 6656 6144
2.86102294921875e-06 1 3744 2592
2.86102294921875e-06 1 13824 15552
1.9073486328125e-06 1 392 48
3.0994415283203125e-06 1 3464 432
2.50339508056640625e-05 1 50048 173400
2.7179718017578125e-05 1 85800 382500
4.0531158447265625e-06 1 21272 5100
2.86102294921875e-06 1 21272 5100
2.002716064453125e-05 1 46592 153600
2.69412994384765625e-05 1 83400 360000
3.0994415283203125e-06 1 20056 4800
3.0994415283203125e-06 1 20056 4800
1.88350677490234375e-05 1 46592 153600
2.31266021728515625e-05 1 83400 360000
3.0994415283203125e-06 1 20056 4800
4.0531158447265625e-06 1 20056 4800
2.09808349609375e-05 1 46592 153600
2.59876251220703125e-05 1 83400 360000
3.0994415283203125e-06 1 20056 4800
1.9073486328125e-06 1 20056 4800
2.69412994384765625e-05 1 46592 153600
2.88486480712890625e-05 1 83400 360000
4.0531158447265625e-06 1 20056 4800
3.814697265625e-06 1 20056 4800
2.384185791015625e-05 1 46592 153600
2.69412994384765625e-05 1 83400 360000
3.0994415283203125e-06 1 20056 4800
2.86102294921875e-06 1 20056 4800
4.0531158447265625e-06 1 4992 1152
2.86102294921875e-06 1 4992 1152
1.9073486328125e-06 1 512 192
3.0994415283203125e-06 1 5504 2688
2.1457672119140625e-06 1 3392 768
3.0994415283203125e-06 1 672 288
1.9073486328125e-06 1 6048 4320
1.9073486328125e-06 1 7392 1728
3.0994415283203125e-06 1 6912 4032
5.0067901611328125e-06 1 10272 6048
1.21593475341796875e-05 1 6888 8820
4.0531158447265625e-06 1 11712 6912
3.0994415283203125e-06 1 7872 4608
1.0013580322265625e-05 1 13824 27648
3.0994415283203125e-06 1 11712 6912
6.9141387939453125e-06 1 7632 10080
2.1457672119140625e-06 1 672 288
2.1457672119140625e-06 1 512 192
2.1457672119140625e-06 1 4992 1152
1.9073486328125e-06 1 4992 1152
3.0994415283203125e-06 1 4992 2880
1.9073486328125e-06 1 6912 4032
3.814697265625e-06 1 4992 2880
7.8678131103515625e-06 1 13824 27648
3.814697265625e-06 1 6912 4032
2.1457672119140625e-06 1 5504 2688
3.0994415283203125e-06 1 6048 4320
2.86102294921875e-06 1 4160 4200
7.8678131103515625e-06 1 6888 8820
1.9073486328125e-06 1 392 48
2.86102294921875e-06 1 3368 420
1.78813934326171875e-05 1 69696 266976
3.60012054443359375e-05 1 144200 763848
4.0531158447265625e-06 1 30776 7416
3.0994415283203125e-06 1 30776 7416
2.59876251220703125e-05 1 65280 238136
3.79085540771484375e-05 1 140904 721412
3.0994415283203125e-06 1 29112 7004
4.0531158447265625e-06 1 29112 7004
2.384185791015625e-05 1 65280 238136
4.1961669921875e-05 1 140904 721412
3.0994415283203125e-06 1 29112 7004
2.86102294921875e-06 1 29112 7004
2.50339508056640625e-05 1 65280 238136
3.2901763916015625e-05 1 140904 721412
6.9141387939453125e-06 1 29112 7004
6.9141387939453125e-06 1 29112 7004
2.9087066650390625e-05 1 65280 238136
4.1961669921875e-05 1 140904 721412
4.0531158447265625e-06 1 29112 7004
3.0994415283203125e-06 1 29112 7004
2.288818359375e-05 1 65280 238136
3.50475311279296875e-05 1 140904 721412
2.86102294921875e-06 1 29112 7004
2.86102294921875e-06 1 29112 7004
5.0067901611328125e-06 1 6720 1568
4.0531158447265625e-06 1 6720 1568
2.86102294921875e-06 1 576 224
3.0994415283203125e-06 1 7296 3584
2.1457672119140625e-06 1 3936 896
3.0994415283203125e-06 1 840 392
3.0994415283203125e-06 1 8232 6860
2.1457672119140625e-06 1 11592 2744
4.0531158447265625e-06 1 10080 6272
4.0531158447265625e-06 1 17472 10976
1.1920928955078125e-05 1 10752 15680
5.0067901611328125e-06 1 17472 10976
3.0994415283203125e-06 1 10080 6272
1.0013580322265625e-05 1 18816 43904
4.0531158447265625e-06 1 17472 10976
2.59876251220703125e-05 1 10752 15680
2.1457672119140625e-06 1 840 392
2.1457672119140625e-06 1 576 224
1.9073486328125e-06 1 6720 1568
3.0994415283203125e-06 1 6720 1568
3.0994415283203125e-06 1 6384 3920
2.86102294921875e-06 1 10080 6272
2.86102294921875e-06 1 6384 3920
1.0967254638671875e-05 1 18816 43904
3.0994415283203125e-06 1 10080 6272
1.9073486328125e-06 1 7296 3584
2.86102294921875e-06 1 8232 6860
3.0994415283203125e-06 1 5280 5600
6.9141387939453125e-06 1 10752 15680
2.86102294921875e-06 1 456 56
2.1457672119140625e-06 1 4488 560
1.59740447998046875e-05 1 25688 54150
2.193450927734375e-05 1 67800 213750
3.0994415283203125e-06 1 12152 2850
3.0994415283203125e-06 1 12152 2850
1.12056732177734375e-05 1 22712 43350
2.21729278564453125e-05 1 65400 191250
1.9073486328125e-06 1 10936 2550
3.0994415283203125e-06 1 10936 2550
1.1920928955078125e-05 1 22712 43350
2.09808349609375e-05 1 65400 191250
3.0994415283203125e-06 1 10936 2550
4.0531158447265625e-06 1 10936 2550
1.21593475341796875e-05 1 22712 43350
2.193450927734375e-05 1 65400 191250
3.0994415283203125e-06 1 10936 2550
3.0994415283203125e-06 1 10936 2550
1.0967254638671875e-05 1 22712 43350
3.60012054443359375e-05 1 65400 191250
5.0067901611328125e-06 1 10936 2550
3.0994415283203125e-06 1 10936 2550
1.1920928955078125e-05 1 22712 43350
2.78949737548828125e-05 1 65400 191250
3.0994415283203125e-06 1 10936 2550
1.9073486328125e-06 1 10936 2550
3.814697265625e-06 1 2880 648
3.0994415283203125e-06 1 2880 648
1.9073486328125e-06 1 360 108
3.0994415283203125e-06 1 3096 1134
3.0994415283203125e-06 1 1512 324
3.0994415283203125e-06 1 576 216
1.9073486328125e-06 1 3744 2592
1.9073486328125e-06 1 5616 1296
2.86102294921875e-06 1 4680 2268
5.9604644775390625e-06 1 9216 4536
2.86102294921875e-06 1 5544 5292
4.0531158447265625e-06 1 7920 3888
2.1457672119140625e-06 1 4032 1944
1.12056732177734375e-05 1 7776 11664
3.0994415283203125e-06 1 7920 3888
3.0994415283203125e-06 1 4896 4536
1.9073486328125e-06 1 576 216
1.9073486328125e-06 1 360 108
1.9073486328125e-06 1 2880 648
1.9073486328125e-06 1 2880 648
1.9073486328125e-06 1 2736 1296
4.0531158447265625e-06 1 4680 2268
3.0994415283203125e-06 1 2736 1296
1.21593475341796875e-05 1 7776 11664
3.814697265625e-06 1 4680 2268
2.86102294921875e-06 1 3096 1134
3.814697265625e-06 1 3744 2592
3.0994415283203125e-06 1 2304 1512
2.86102294921875e-06 1 5544 5292
3.0994415283203125e-06 1 296 36
3.0994415283203125e-06 1 2024 252
3.88622283935546875e-05 1 33432 78498
3.1948089599609375e-05 1 93272 332682
3.0994415283203125e-06 1 15832 3738
3.0994415283203125e-06 1 15832 3738
1.50203704833984375e-05 1 29944 64258
2.78949737548828125e-05 1 90424 300998
2.86102294921875e-06 1 14392 3382
3.0994415283203125e-06 1 14392 3382
1.50203704833984375e-05 1 29944 64258
2.69412994384765625e-05 1 90424 300998
5.0067901611328125e-06 1 14392 3382
3.814697265625e-06 1 14392 3382
2.88486480712890625e-05 1 29944 64258
3.50475311279296875e-05 1 90424 300998
4.0531158447265625e-06 1 14392 3382
3.0994415283203125e-06 1 14392 3382
1.59740447998046875e-05 1 29944 64258
3.79085540771484375e-05 1 90424 300998
5.9604644775390625e-06 1 14392 3382
3.0994415283203125e-06 1 14392 3382
1.71661376953125e-05 1 29944 64258
3.0040740966796875e-05 1 90424 300998
3.0994415283203125e-06 1 14392 3382
1.9073486328125e-06 1 14392 3382
4.0531158447265625e-06 1 2880 648
3.0994415283203125e-06 1 2880 648
3.0994415283203125e-06 1 360 108
2.86102294921875e-06 1 3096 1134
1.9073486328125e-06 1 1512 324
1.9073486328125e-06 1 576 216
4.0531158447265625e-06 1 3744 2592
2.86102294921875e-06 1 5616 1296
2.86102294921875e-06 1 4680 2268
5.0067901611328125e-06 1 9216 4536
3.0994415283203125e-06 1 5544 5292
3.0994415283203125e-06 1 7920 3888
3.0994415283203125e-06 1 4032 1944
1.1920928955078125e-05 1 7776 11664
2.86102294921875e-06 1 7920 3888
3.0994415283203125e-06 1 4896 4536
2.1457672119140625e-06 1 576 216
1.9073486328125e-06 1 360 108
3.0994415283203125e-06 1 2880 648
4.0531158447265625e-06 1 2880 648
3.0994415283203125e-06 1 2736 1296
2.86102294921875e-06 1 4680 2268
2.86102294921875e-06 1 2736 1296
1.21593475341796875e-05 1 7776 11664
3.0994415283203125e-06 1 4680 2268
2.86102294921875e-06 1 3096 1134
4.0531158447265625e-06 1 3744 2592
3.0994415283203125e-06 1 2304 1512
2.86102294921875e-06 1 5544 5292
3.0994415283203125e-06 1 296 36
1.9073486328125e-06 1 2024 252
3.2901763916015625e-05 1 42872 111090
3.50475311279296875e-05 1 126840 507150
3.0994415283203125e-06 1 20344 4830
3.0994415283203125e-06 1 20344 4830
2.002716064453125e-05 1 38808 92610
3.40938568115234375e-05 1 123480 463050
2.86102294921875e-06 1 18648 4410
3.0994415283203125e-06 1 18648 4410
1.88350677490234375e-05 1 38808 92610
4.1961669921875e-05 1 123480 463050
4.0531158447265625e-06 1 18648 4410
4.0531158447265625e-06 1 18648 4410
1.69277191162109375e-05 1 38808 92610
3.2901763916015625e-05 1 123480 463050
1.40666961669921875e-05 1 18648 4410
5.0067901611328125e-06 1 18648 4410
1.9073486328125e-05 1 38808 92610
3.69548797607421875e-05 1 123480 463050
4.0531158447265625e-06 1 18648 4410
1.9073486328125e-06 1 18648 4410
1.69277191162109375e-05 1 38808 92610
2.9087066650390625e-05 1 123480 463050
2.86102294921875e-06 1 18648 4410
2.86102294921875e-06 1 18648 4410
4.0531158447265625e-06 1 3864 882
3.0994415283203125e-06 1 3864 882
1.9073486328125e-06 1 408 126
1.9073486328125e-06 1 4104 1512
3.0994415283203125e-06 1 1752 378
1.9073486328125e-06 1 728 294
3.0994415283203125e-06 1 5096 4116
1.9073486328125e-06 1 8792 2058
3.814697265625e-06 1 6888 3528
4.0531158447265625e-06 1 15848 8232
1.0967254638671875e-05 1 8960 9408
2.384185791015625e-05 1 11928 6174
3.0994415283203125e-06 1 5208 2646
1.0013580322265625e-05 1 10584 18522
3.0994415283203125e-06 1 11928 6174
3.0994415283203125e-06 1 7056 7056
3.0994415283203125e-06 1 728 294
2.1457672119140625e-06 1 408 126
3.0994415283203125e-06 1 3864 882
2.1457672119140625e-06 1 3864 882
3.0994415283203125e-06 1 3528 1764
4.0531158447265625e-06 1 6888 3528
3.0994415283203125e-06 1 3528 1764
1.0013580322265625e-05 1 10584 18522
2.86102294921875e-06 1 6888 3528
3.0994415283203125e-06 1 4104 1512
3.0994415283203125e-06 1 5096 4116
1.9073486328125e-06 1 2976 2016
1.9073486328125e-06 1 8960 9408
3.0994415283203125e-06 1 344 42
3.0994415283203125e-06 1 2696 336
2.09808349609375e-05 1 41528 126150
2.59876251220703125e-05 1 79800 326250
4.0531158447265625e-06 1 18232 4350
3.0994415283203125e-06 1 18232 4350
1.811981201171875e-05 1 38232 109350
2.69412994384765625e-05 1 77400 303750
2.86102294921875e-06 1 17016 4050
3.0994415283203125e-06 1 17016 4050
1.78813934326171875e-05 1 38232 109350
3.719329833984375e-05 1 77400 303750
2.86102294921875e-06 1 17016 4050
4.0531158447265625e-06 1 17016 4050
2.193450927734375e-05 1 38232 109350
2.59876251220703125e-05 1 77400 303750
4.0531158447265625e-06 1 17016 4050
1.0967254638671875e-05 1 17016 4050
2.59876251220703125e-05 1 38232 109350
2.69412994384765625e-05 1 77400 303750
4.0531158447265625e-06 1 17016 4050
2.86102294921875e-06 1 17016 4050
1.31130218505859375e-05 1 38232 109350
2.59876251220703125e-05 1 77400 303750
3.0994415283203125e-06 1 17016 4050
3.0994415283203125e-06 1 17016 4050
4.0531158447265625e-06 1 2880 648
4.0531158447265625e-06 1 2880 648
1.9073486328125e-06 1 360 108
1.9073486328125e-06 1 3096 1134
2.86102294921875e-06 1 1512 324
1.9073486328125e-06 1 576 216
2.86102294921875e-06 1 3744 2592
1.9073486328125e-06 1 5616 1296
2.86102294921875e-06 1 4680 2268
5.9604644775390625e-06 1 9216 4536
1.9073486328125e-06 1 5544 5292
4.0531158447265625e-06 1 7920 3888
1.9073486328125e-06 1 4032 1944
1.0967254638671875e-05 1 7776 11664
3.0994415283203125e-06 1 7920 3888
1.9073486328125e-06 1 4896 4536
2.1457672119140625e-06 1 576 216
3.0994415283203125e-06 1 360 108
1.9073486328125e-06 1 2880 648
1.9073486328125e-06 1 2880 648
2.86102294921875e-06 1 2736 1296
3.0994415283203125e-06 1 4680 2268
2.86102294921875e-06 1 2736 1296
9.059906005859375e-06 1 7776 11664
2.86102294921875e-06 1 4680 2268
2.86102294921875e-06 1 3096 1134
4.0531158447265625e-06 1 3744 2592
1.9073486328125e-06 1 2304 1512
3.0994415283203125e-06 1 5544 5292
2.86102294921875e-06 1 296 36
5.9604644775390625e-06 1 2024 252
2.50339508056640625e-05 1 51832 171058
3.31401824951171875e-05 1 107512 491102
4.0531158447265625e-06 1 23032 5518
4.0531158447265625e-06 1 23032 5518
2.09808349609375e-05 1 48024 149698
3.0040740966796875e-05 1 104664 459418
2.86102294921875e-06 1 21592 5162
2.86102294921875e-06 1 21592 5162
2.002716064453125e-05 1 48024 149698
2.9087066650390625e-05 1 104664 459418
5.0067901611328125e-06 1 21592 5162
3.0994415283203125e-06 1 21592 5162
2.384185791015625e-05 1 48024 149698
3.0040740966796875e-05 1 104664 459418
3.1948089599609375e-05 1 21592 5162
5.9604644775390625e-06 1 21592 5162
2.59876251220703125e-05 1 48024 149698
3.1948089599609375e-05 1 104664 459418
3.814697265625e-06 1 21592 5162
2.86102294921875e-06 1 21592 5162
2.31266021728515625e-05 1 48024 149698
3.0994415283203125e-05 1 104664 459418
3.0994415283203125e-06 1 21592 5162
2.86102294921875e-06 1 21592 5162
4.0531158447265625e-06 1 2880 648
4.0531158447265625e-06 1 2880 648
3.0994415283203125e-06 1 360 108
3.0994415283203125e-06 1 3096 1134
2.1457672119140625e-06 1 1512 324
1.9073486328125e-06 1 576 216
3.0994415283203125e-06 1 3744 2592
3.0994415283203125e-06 1 5616 1296
2.86102294921875e-06 1 4680 2268
5.0067901611328125e-06 1 9216 4536
1.9073486328125e-06 1 5544 5292
4.0531158447265625e-06 1 7920 3888
1.9073486328125e-06 1 4032 1944
1.0967254638671875e-05 1 7776 11664
3.0994415283203125e-06 1 7920 3888
2.86102294921875e-06 1 4896 4536
2.86102294921875e-06 1 576 216
3.0994415283203125e-06 1 360 108
2.86102294921875e-06 1 2880 648
1.9073486328125e-06 1 2880 648
3.0994415283203125e-06 1 2736 1296
3.0994415283203125e-06 1 4680 2268
3.0994415283203125e-06 1 2736 1296
1.0013580322265625e-05 1 7776 11664
3.0994415283203125e-06 1 4680 2268
1.9073486328125e-06 1 3096 1134
2.86102294921875e-06 1 3744 2592
2.1457672119140625e-06 1 2304 1512
3.0994415283203125e-06 1 5544 5292
3.0994415283203125e-06 1 296 36
1.9073486328125e-06 1 2024 252
2.7179718017578125e-05 1 64152 228690
3.910064697265625e-05 1 143640 727650
4.0531158447265625e-06 1 28824 6930
4.0531158447265625e-06 1 28824 6930
2.50339508056640625e-05 1 59768 201810
3.79085540771484375e-05 1 140280 683550
3.0994415283203125e-06 1 27128 6510
2.86102294921875e-06 1 27128 6510
2.40802764892578125e-05 1 59768 201810
4.100799560546875e-05 1 140280 683550
4.0531158447265625e-06 1 27128 6510
4.0531158447265625e-06 1 27128 6510
0.0001461505889892578125 1 59768 201810
4.7206878662109375e-05 1 140280 683550
4.0531158447265625e-06 1 27128 6510
3.0994415283203125e-06 1 27128 6510
2.288818359375e-05 1 59768 201810
3.69548797607421875e-05 1 140280 683550
3.0994415283203125e-06 1 27128 6510
2.86102294921875e-06 1 27128 6510
2.288818359375e-05 1 59768 201810
3.69548797607421875e-05 1 140280 683550
3.814697265625e-06 1 27128 6510
2.86102294921875e-06 1 27128 6510
4.0531158447265625e-06 1 6720 1568
3.0994415283203125e-06 1 6720 1568
1.9073486328125e-06 1 576 224
2.86102294921875e-06 1 7296 3584
3.0994415283203125e-06 1 3936 896
1.9073486328125e-06 1 840 392
3.0994415283203125e-06 1 8232 6860
2.86102294921875e-06 1 11592 2744
5.0067901611328125e-06 1 10080 6272
1.69277191162109375e-05 1 17472 10976
1.21593475341796875e-05 1 10752 15680
3.814697265625e-06 1 17472 10976
4.0531158447265625e-06 1 10080 6272
9.059906005859375e-06 1 18816 43904
2.86102294921875e-06 1 17472 10976
6.198883056640625e-06 1 10752 15680
1.9073486328125e-06 1 840 392
1.9073486328125e-06 1 576 224
2.1457672119140625e-06 1 6720 1568
2.1457672119140625e-06 1 6720 1568
2.86102294921875e-06 1 6384 3920
3.0994415283203125e-06 1 10080 6272
3.814697265625e-06 1 6384 3920
1.0013580322265625e-05 1 18816 43904
4.0531158447265625e-06 1 10080 6272
3.0994415283203125e-06 1 7296 3584
4.0531158447265625e-06 1 8232 6860
2.1457672119140625e-06 1 5280 5600
7.8678131103515625e-06 1 10752 15680
1.9073486328125e-06 1 456 56
1.9073486328125e-06 1 4488 560
2.40802764892578125e-05 1 62648 252150
3.0040740966796875e-05 1 94200 461250
4.0531158447265625e-06 1 25528 6150
4.0531158447265625e-06 1 25528 6150
2.31266021728515625e-05 1 58968 228150
3.0040740966796875e-05 1 91800 438750
4.0531158447265625e-06 1 24312 5850
4.0531158447265625e-06 1 24312 5850
2.40802764892578125e-05 1 58968 228150
2.88486480712890625e-05 1 91800 438750
4.0531158447265625e-06 1 24312 5850
3.0994415283203125e-06 1 24312 5850
2.88486480712890625e-05 1 58968 228150
3.0994415283203125e-05 1 91800 438750
4.0531158447265625e-06 1 24312 5850
2.86102294921875e-06 1 24312 5850
2.50339508056640625e-05 1 58968 228150
2.8133392333984375e-05 1 91800 438750
4.0531158447265625e-06 1 24312 5850
3.0994415283203125e-06 1 24312 5850
2.09808349609375e-05 1 58968 228150
3.0994415283203125e-05 1 91800 438750
3.0994415283203125e-06 1 24312 5850
3.0994415283203125e-06 1 24312 5850
3.814697265625e-06 1 4992 1152
2.86102294921875e-06 1 4992 1152
1.9073486328125e-06 1 512 192
2.1457672119140625e-06 1 5504 2688
2.86102294921875e-06 1 3392 768
3.0994415283203125e-06 1 672 288
3.0994415283203125e-06 1 6048 4320
2.12192535400390625e-05 1 7392 1728
3.0994415283203125e-06 1 6912 4032
5.0067901611328125e-06 1 10272 6048
1.1920928955078125e-05 1 6888 8820
2.86102294921875e-06 1 11712 6912
2.86102294921875e-06 1 7872 4608
6.9141387939453125e-06 1 13824 27648
2.86102294921875e-06 1 11712 6912
5.9604644775390625e-06 1 7632 10080
1.9073486328125e-06 1 672 288
3.0994415283203125e-06 1 512 192
3.0994415283203125e-06 1 4992 1152
1.9073486328125e-06 1 4992 1152
3.0994415283203125e-06 1 4992 2880
2.1457672119140625e-06 1 6912 4032
4.0531158447265625e-06 1 4992 2880
9.059906005859375e-06 1 13824 27648
3.814697265625e-06 1 6912 4032
3.0994415283203125e-06 1 5504 2688
4.0531158447265625e-06 1 6048 4320
3.0994415283203125e-06 1 4160 4200
1.0967254638671875e-05 1 6888 8820
1.9073486328125e-06 1 392 48
1.9073486328125e-06 1 3368 420
2.09808349609375e-05 1 76024 329122
2.8133392333984375e-05 1 124600 681206
4.0531158447265625e-06 1 31672 7654
3.814697265625e-06 1 31672 7654
2.47955322265625e-05 1 71832 299218
3.40938568115234375e-05 1 121752 649522
4.0531158447265625e-06 1 30232 7298
3.0994415283203125e-06 1 30232 7298
2.9087066650390625e-05 1 71832 299218
3.40938568115234375e-05 1 121752 649522
3.814697265625e-06 1 30232 7298
3.0994415283203125e-06 1 30232 7298
2.69412994384765625e-05 1 71832 299218
0.0001962184906005859375 1 121752 649522
5.9604644775390625e-06 1 30232 7298
4.0531158447265625e-06 1 30232 7298
3.2901763916015625e-05 1 71832 299218
8.9168548583984375e-05 1 121752 649522
4.0531158447265625e-06 1 30232 7298
2.86102294921875e-06 1 30232 7298
2.9087066650390625e-05 1 71832 299218
3.50475311279296875e-05 1 121752 649522
2.86102294921875e-06 1 30232 7298
2.86102294921875e-06 1 30232 7298
4.0531158447265625e-06 1 4992 1152
3.0994415283203125e-06 1 4992 1152
1.9073486328125e-06 1 512 192
1.9073486328125e-06 1 5504 2688
1.9073486328125e-06 1 3392 768
2.86102294921875e-06 1 672 288
3.0994415283203125e-06 1 6048 4320
2.1457672119140625e-06 1 7392 1728
2.86102294921875e-06 1 6912 4032
5.0067901611328125e-06 1 10272 6048
1.1920928955078125e-05 1 6888 8820
4.0531158447265625e-06 1 11712 6912
3.0994415283203125e-06 1 7872 4608
8.106231689453125e-06 1 13824 27648
2.86102294921875e-06 1 11712 6912
5.9604644775390625e-06 1 7632 10080
1.9073486328125e-06 1 672 288
2.1457672119140625e-06 1 512 192
2.1457672119140625e-06 1 4992 1152
3.0994415283203125e-06 1 4992 1152
3.0994415283203125e-06 1 4992 2880
1.9073486328125e-06 1 6912 4032
3.814697265625e-06 1 4992 2880
7.8678131103515625e-06 1 13824 27648
3.814697265625e-06 1 6912 4032
2.1457672119140625e-06 1 5504 2688
3.0994415283203125e-06 1 6048 4320
3.0994415283203125e-06 1 4160 4200
1.0013580322265625e-05 1 6888 8820
3.0994415283203125e-06 1 392 48
2.1457672119140625e-06 1 3368 420
1.59740447998046875e-05 1 25688 54150
2.193450927734375e-05 1 67800 213750
3.0994415283203125e-06 1 12152 2850
2.86102294921875e-06 1 12152 2850
1.0967254638671875e-05 1 22712 43350
2.40802764892578125e-05 1 65400 191250
2.86102294921875e-06 1 10936 2550
1.9073486328125e-06 1 10936 2550
1.0013580322265625e-05 1 22712 43350
2.193450927734375e-05 1 65400 191250
3.0994415283203125e-06 1 10936 2550
3.0994415283203125e-06 1 10936 2550
1.0967254638671875e-05 1 22712 43350
2.50339508056640625e-05 1 65400 191250
2.86102294921875e-06 1 10936 2550
6.198883056640625e-06 1 10936 2550
1.40666961669921875e-05 1 22712 43350
2.78949737548828125e-05 1 65400 191250
3.0994415283203125e-06 1 10936 2550
3.0994415283203125e-06 1 10936 2550
1.1920928955078125e-05 1 22712 43350
2.40802764892578125e-05 1 65400 191250
1.9073486328125e-06 1 10936 2550
3.0994415283203125e-06 1 10936 2550
5.0067901611328125e-06 1 2880 648
3.0994415283203125e-06 1 2880 648
1.9073486328125e-06 1 360 108
2.86102294921875e-06 1 3096 1134
2.1457672119140625e-06 1 1512 324
2.1457672119140625e-06 1 576 216
2.86102294921875e-06 1 3744 2592
1.9073486328125e-06 1 5616 1296
2.86102294921875e-06 1 4680 2268
5.9604644775390625e-06 1 9216 4536
3.0994415283203125e-06 1 5544 5292
3.0994415283203125e-06 1 7920 3888
3.0994415283203125e-06 1 4032 1944
1.1920928955078125e-05 1 7776 11664
3.0994415283203125e-06 1 7920 3888
2.86102294921875e-06 1 4896 4536
3.0994415283203125e-06 1 576 216
2.1457672119140625e-06 1 360 108
1.9073486328125e-06 1 2880 648
2.1457672119140625e-06 1 2880 648
1.9073486328125e-06 1 2736 1296
2.86102294921875e-06 1 4680 2268
3.0994415283203125e-06 1 2736 1296
1.0967254638671875e-05 1 7776 11664
3.0994415283203125e-06 1 4680 2268
3.0994415283203125e-06 1 3096 1134
3.0994415283203125e-06 1 3744 2592
1.9073486328125e-06 1 2304 1512
2.86102294921875e-06 1 5544 5292
2.1457672119140625e-06 1 296 36
1.9073486328125e-06 1 2024 252
1.71661376953125e-05 1 31080 72324
2.78949737548828125e-05 1 81344 282408
2.86102294921875e-06 1 14600 3444
2.86102294921875e-06 1 14600 3444
1.31130218505859375e-05 1 27816 59204
2.69412994384765625e-05 1 78720 255512
3.0994415283203125e-06 1 13272 3116
2.86102294921875e-06 1 13272 3116
1.50203704833984375e-05 1 27816 59204
4.1961669921875e-05 1 78720 255512
1.9073486328125e-06 1 13272 3116
4.0531158447265625e-06 1 13272 3116
1.50203704833984375e-05 1 27816 59204
2.59876251220703125e-05 1 78720 255512
1.9073486328125e-05 1 13272 3116
5.0067901611328125e-06 1 13272 3116
1.50203704833984375e-05 1 27816 59204
2.9087066650390625e-05 1 78720 255512
3.0994415283203125e-06 1 13272 3116
1.9073486328125e-06 1 13272 3116
1.40666961669921875e-05 1 27816 59204
2.50339508056640625e-05 1 78720 255512
3.0994415283203125e-06 1 13272 3116
2.86102294921875e-06 1 13272 3116
4.0531158447265625e-06 1 2880 648
3.0994415283203125e-06 1 2880 648
2.1457672119140625e-06 1 360 108
3.0994415283203125e-06 1 3096 1134
2.86102294921875e-06 1 1512 324
2.1457672119140625e-06 1 576 216
1.9073486328125e-06 1 3744 2592
2.1457672119140625e-06 1 5616 1296
1.9073486328125e-06 1 4680 2268
6.9141387939453125e-06 1 9216 4536
3.0994415283203125e-06 1 5544 5292
4.0531158447265625e-06 1 7920 3888
1.9073486328125e-06 1 4032 1944
1.0967254638671875e-05 1 7776 11664
3.0994415283203125e-06 1 7920 3888
2.86102294921875e-06 1 4896 4536
1.9073486328125e-06 1 576 216
1.9073486328125e-06 1 360 108
3.0994415283203125e-06 1 2880 648
2.1457672119140625e-06 1 2880 648
2.86102294921875e-06 1 2736 1296
2.86102294921875e-06 1 4680 2268
3.0994415283203125e-06 1 2736 1296
7.8678131103515625e-06 1 7776 11664
4.0531158447265625e-06 1 4680 2268
2.86102294921875e-06 1 3096 1134
2.86102294921875e-06 1 3744 2592
2.1457672119140625e-06 1 2304 1512
3.0994415283203125e-06 1 5544 5292
2.1457672119140625e-06 1 296 36
3.0994415283203125e-06 1 2024 252
2.193450927734375e-05 1 36984 94162
3.0994415283203125e-05 1 96120 364366
3.0994415283203125e-06 1 17272 4094
2.86102294921875e-06 1 17272 4094
1.31130218505859375e-05 1 33432 78498
2.69412994384765625e-05 1 93272 332682
2.1457672119140625e-06 1 15832 3738
3.0994415283203125e-06 1 15832 3738
1.59740447998046875e-05 1 33432 78498
2.59876251220703125e-05 1 93272 332682
2.1457672119140625e-06 1 15832 3738
4.0531158447265625e-06 1 15832 3738
1.69277191162109375e-05 1 33432 78498
2.8133392333984375e-05 1 93272 332682
2.86102294921875e-06 1 15832 3738
2.288818359375e-05 1 15832 3738
1.59740447998046875e-05 1 33432 78498
3.0040740966796875e-05 1 93272 332682
4.0531158447265625e-06 1 15832 3738
2.86102294921875e-06 1 15832 3738
1.71661376953125e-05 1 33432 78498
2.9087066650390625e-05 1 93272 332682
3.0994415283203125e-06 1 15832 3738
3.0994415283203125e-06 1 15832 3738
4.0531158447265625e-06 1 2880 648
2.86102294921875e-06 1 2880 648
1.9073486328125e-06 1 360 108
2.1457672119140625e-06 1 3096 1134
1.9073486328125e-06 1 1512 324
3.0994415283203125e-06 1 576 216
2.86102294921875e-06 1 3744 2592
1.9073486328125e-06 1 5616 1296
2.86102294921875e-06 1 4680 2268
5.9604644775390625e-06 1 9216 4536
3.0994415283203125e-06 1 5544 5292
4.0531158447265625e-06 1 7920 3888
3.0994415283203125e-06 1 4032 1944
1.31130218505859375e-05 1 7776 11664
2.86102294921875e-06 1 7920 3888
3.0994415283203125e-06 1 4896 4536
3.0994415283203125e-06 1 576 216
2.1457672119140625e-06 1 360 108
3.0994415283203125e-06 1 2880 648
3.0994415283203125e-06 1 2880 648
3.0994415283203125e-06 1 2736 1296
3.814697265625e-06 1 4680 2268
3.0994415283203125e-06 1 2736 1296
9.059906005859375e-06 1 7776 11664
3.0994415283203125e-06 1 4680 2268
3.0994415283203125e-06 1 3096 1134
2.86102294921875e-06 1 3744 2592
1.9073486328125e-06 1 2304 1512
3.0994415283203125e-06 1 5544 5292
2.86102294921875e-06 1 296 36
3.0994415283203125e-06 1 2024 252
2.002716064453125e-05 1 38232 109350
2.50339508056640625e-05 1 77400 303750
3.0994415283203125e-06 1 17016 4050
2.86102294921875e-06 1 17016 4050
1.59740447998046875e-05 1 35000 93750
2.31266021728515625e-05 1 75000 281250
2.86102294921875e-06 1 15800 3750
2.1457672119140625e-06 1 15800 3750
1.71661376953125e-05 1 35000 93750
2.50339508056640625e-05 1 75000 281250
2.86102294921875e-06 1 15800 3750
3.0994415283203125e-06 1 15800 3750
2.002716064453125e-05 1 35000 93750
6.69956207275390625e-05 1 75000 281250
6.9141387939453125e-06 1 15800 3750
5.9604644775390625e-06 1 15800 3750
2.40802764892578125e-05 1 35000 93750
2.50339508056640625e-05 1 75000 281250
3.814697265625e-06 1 15800 3750
3.0994415283203125e-06 1 15800 3750
1.9073486328125e-05 1 35000 93750
2.50339508056640625e-05 1 75000 281250
3.0994415283203125e-06 1 15800 3750
1.9073486328125e-06 1 15800 3750
4.0531158447265625e-06 1 2880 648
3.0994415283203125e-06 1 2880 648
3.0994415283203125e-06 1 360 108
2.86102294921875e-06 1 3096 1134
1.9073486328125e-06 1 1512 324
3.0994415283203125e-06 1 576 216
2.86102294921875e-06 1 3744 2592
2.1457672119140625e-06 1 5616 1296
3.0994415283203125e-06 1 4680 2268
5.9604644775390625e-06 1 9216 4536
3.0994415283203125e-06 1 5544 5292
4.0531158447265625e-06 1 7920 3888
1.9073486328125e-06 1 4032 1944
1.0967254638671875e-05 1 7776 11664
3.0994415283203125e-06 1 7920 3888
3.0994415283203125e-06 1 4896 4536
2.1457672119140625e-06 1 576 216
1.9073486328125e-06 1 360 108
2.86102294921875e-06 1 2880 648
1.9073486328125e-06 1 2880 648
3.0994415283203125e-06 1 2736 1296
3.0994415283203125e-06 1 4680 2268
2.86102294921875e-06 1 2736 1296
7.8678131103515625e-06 1 7776 11664
4.0531158447265625e-06 1 4680 2268
2.86102294921875e-06 1 3096 1134
2.86102294921875e-06 1 3744 2592
2.86102294921875e-06 1 2304 1512
1.9073486328125e-06 1 5544 5292
3.0994415283203125e-06 1 296 36
2.1457672119140625e-06 1 2024 252
1.69277191162109375e-05 1 44776 137924
3.0994415283203125e-05 1 91840 389992
4.0531158447265625e-06 1 19912 4756
2.86102294921875e-06 1 19912 4756
1.88350677490234375e-05 1 41256 119556
2.8133392333984375e-05 1 89216 363096
2.86102294921875e-06 1 18584 4428
3.0994415283203125e-06 1 18584 4428
1.9073486328125e-05 1 41256 119556
2.78949737548828125e-05 1 89216 363096
3.0994415283203125e-06 1 18584 4428
3.814697265625e-06 1 18584 4428
2.09808349609375e-05 1 41256 119556
2.78949737548828125e-05 1 89216 363096
2.86102294921875e-06 1 18584 4428
3.0994415283203125e-06 1 18584 4428
3.0040740966796875e-05 1 41256 119556
2.9087066650390625e-05 1 89216 363096
4.0531158447265625e-06 1 18584 4428
2.86102294921875e-06 1 18584 4428
2.193450927734375e-05 1 41256 119556
2.9087066650390625e-05 1 89216 363096
3.0994415283203125e-06 1 18584 4428
3.0994415283203125e-06 1 18584 4428
5.0067901611328125e-06 1 2880 648
3.0994415283203125e-06 1 2880 648
3.0994415283203125e-06 1 360 108
3.0994415283203125e-06 1 3096 1134
1.9073486328125e-06 1 1512 324
1.9073486328125e-06 1 576 216
3.0994415283203125e-06 1 3744 2592
1.9073486328125e-06 1 5616 1296
2.86102294921875e-06 1 4680 2268
6.198883056640625e-06 1 9216 4536
2.1457672119140625e-06 1 5544 5292
2.86102294921875e-06 1 7920 3888
3.0994415283203125e-06 1 4032 1944
1.0967254638671875e-05 1 7776 11664
3.0994415283203125e-06 1 7920 3888
2.86102294921875e-06 1 4896 4536
2.86102294921875e-06 1 576 216
1.9073486328125e-06 1 360 108
3.0994415283203125e-06 1 2880 648
1.9073486328125e-06 1 2880 648
1.9073486328125e-06 1 2736 1296
3.0994415283203125e-06 1 4680 2268
3.0994415283203125e-06 1 2736 1296
8.106231689453125e-06 1 7776 11664
3.814697265625e-06 1 4680 2268
2.1457672119140625e-06 1 3096 1134
1.9073486328125e-06 1 3744 2592
1.9073486328125e-06 1 2304 1512
3.0994415283203125e-06 1 5544 5292
2.86102294921875e-06 1 296 36
2.1457672119140625e-06 1 2024 252
2.384185791015625e-05 1 51832 171058
3.0994415283203125e-05 1 107512 491102
4.0531158447265625e-06 1 23032 5518
2.86102294921875e-06 1 23032 5518
2.288818359375e-05 1 48024 149698
3.0040740966796875e-05 1 104664 459418
2.86102294921875e-06 1 21592 5162
3.0994415283203125e-06 1 21592 5162
1.97887420654296875e-05 1 48024 149698
2.69412994384765625e-05 1 104664 459418
4.0531158447265625e-06 1 21592 5162
3.0994415283203125e-06 1 21592 5162
2.40802764892578125e-05 1 48024 149698
0.0001790523529052734375 1 104664 459418
5.9604644775390625e-06 1 21592 5162
3.0994415283203125e-06 1 21592 5162
2.8133392333984375e-05 1 48024 149698
2.88486480712890625e-05 1 104664 459418
3.0994415283203125e-06 1 21592 5162
3.814697265625e-06 1 21592 5162
2.31266021728515625e-05 1 48024 149698
2.88486480712890625e-05 1 104664 459418
2.86102294921875e-06 1 21592 5162
3.0994415283203125e-06 1 21592 5162
5.0067901611328125e-06 1 2880 648
5.0067901611328125e-06 1 2880 648
2.86102294921875e-06 1 360 108
4.76837158203125e-06 1 3096 1134
4.0531158447265625e-06 1 1512 324
5.9604644775390625e-06 1 576 216
4.0531158447265625e-06 1 3744 2592
1.59740447998046875e-05 1 5616 1296
3.814697265625e-06 1 4680 2268
5.9604644775390625e-06 1 9216 4536
3.0994415283203125e-06 1 5544 5292
5.0067901611328125e-06 1 7920 3888
4.0531158447265625e-06 1 4032 1944
1.40666961669921875e-05 1 7776 11664
3.0994415283203125e-06 1 7920 3888
3.0994415283203125e-06 1 4896 4536
1.9073486328125e-06 1 576 216
3.814697265625e-06 1 360 108
3.0994415283203125e-06 1 2880 648
3.0994415283203125e-06 1 2880 648
4.0531158447265625e-06 1 2736 1296
5.0067901611328125e-06 1 4680 2268
5.0067901611328125e-06 1 2736 1296
1.50203704833984375e-05 1 7776 11664
5.0067901611328125e-06 1 4680 2268
6.580352783203125e-05 1 3096 1134
3.79085540771484375e-05 1 3744 2592
4.0531158447265625e-06 1 2304 1512
4.0531158447265625e-06 1 5544 5292
4.0531158447265625e-06 1 296 36
1.9073486328125e-06 1 2024 252
2.59876251220703125e-05 1 53568 194400
3.3855438232421875e-05 1 88200 405000
4.0531158447265625e-06 1 22488 5400
2.86102294921875e-06 1 22488 5400
2.50339508056640625e-05 1 50048 173400
3.60012054443359375e-05 1 85800 382500
5.0067901611328125e-06 1 21272 5100
3.814697265625e-06 1 21272 5100
2.21729278564453125e-05 1 50048 173400
3.50475311279296875e-05 1 85800 382500
5.9604644775390625e-06 1 21272 5100
3.0994415283203125e-06 1 21272 5100
2.59876251220703125e-05 1 50048 173400
2.78949737548828125e-05 1 85800 382500
4.0531158447265625e-06 1 21272 5100
1.50203704833984375e-05 1 21272 5100
3.3855438232421875e-05 1 50048 173400
3.31401824951171875e-05 1 85800 382500
4.0531158447265625e-06 1 21272 5100
4.0531158447265625e-06 1 21272 5100
6.98566436767578125e-05 1 50048 173400
3.40938568115234375e-05 1 85800 382500
4.0531158447265625e-06 1 21272 5100
3.814697265625e-06 1 21272 5100
5.0067901611328125e-06 1 4992 1152
3.0994415283203125e-06 1 4992 1152
3.0994415283203125e-06 1 512 192
1.9073486328125e-06 1 5504 2688
3.0994415283203125e-06 1 3392 768
2.86102294921875e-06 1 672 288
3.0994415283203125e-06 1 6048 4320
2.86102294921875e-06 1 7392 1728
4.0531158447265625e-06 1 6912 4032
3.0994415283203125e-06 1 10272 6048
1.0967254638671875e-05 1 6888 8820
3.0994415283203125e-06 1 11712 6912
2.86102294921875e-06 1 7872 4608
7.8678131103515625e-06 1 13824 27648
4.0531158447265625e-06 1 11712 6912
9.059906005859375e-06 1 7632 10080
3.0994415283203125e-06 1 672 288
1.9073486328125e-06 1 512 192
1.9073486328125e-06 1 4992 1152
2.1457672119140625e-06 1 4992 1152
3.0994415283203125e-06 1 4992 2880
2.86102294921875e-06 1 6912 4032
3.0994415283203125e-06 1 4992 2880
1.1920928955078125e-05 1 13824 27648
4.0531158447265625e-06 1 6912 4032
3.0994415283203125e-06 1 5504 2688
4.0531158447265625e-06 1 6048 4320
3.0994415283203125e-06 1 4160 4200
8.8214874267578125e-06 1 6888 8820
3.0994415283203125e-06 1 392 48
3.0994415283203125e-06 1 3368 420
2.88486480712890625e-05 1 61408 236816
4.291534423828125e-05 1 103648 511024
5.0067901611328125e-06 1 25888 6232
5.9604644775390625e-06 1 25888 6232
3.0040740966796875e-05 1 57600 212544
3.69548797607421875e-05 1 101024 484128
7.8678131103515625e-06 1 24560 5904
1.59740447998046875e-05 1 24560 5904
2.7179718017578125e-05 1 57600 212544
2.9087066650390625e-05 1 101024 484128
5.0067901611328125e-06 1 24560 5904
1.0967254638671875e-05 1 24560 5904
2.98023223876953125e-05 1 57600 212544
3.0994415283203125e-05 1 101024 484128
4.0531158447265625e-06 1 24560 5904
4.0531158447265625e-06 1 24560 5904
2.88486480712890625e-05 1 57600 212544
3.0994415283203125e-05 1 101024 484128
5.0067901611328125e-06 1 24560 5904
5.0067901611328125e-06 1 24560 5904
2.88486480712890625e-05 1 57600 212544
3.69548797607421875e-05 1 101024 484128
4.0531158447265625e-06 1 24560 5904
2.86102294921875e-06 1 24560 5904
4.0531158447265625e-06 1 4992 1152
4.0531158447265625e-06 1 4992 1152
5.9604644775390625e-06 1 512 192
4.0531158447265625e-06 1 5504 2688
4.0531158447265625e-06 1 3392 768
2.86102294921875e-06 1 672 288
4.0531158447265625e-06 1 6048 4320
1.59740447998046875e-05 1 7392 1728
2.86102294921875e-06 1 6912 4032
5.0067901611328125e-06 1 10272 6048
1.31130218505859375e-05 1 6888 8820
3.814697265625e-06 1 11712 6912
3.0994415283203125e-06 1 7872 4608
1.3828277587890625e-05 1 13824 27648
4.0531158447265625e-06 1 11712 6912
8.106231689453125e-06 1 7632 10080
4.0531158447265625e-06 1 672 288
2.1457672119140625e-06 1 512 192
2.86102294921875e-06 1 4992 1152
2.86102294921875e-06 1 4992 1152
4.0531158447265625e-06 1 4992 2880
3.0994415283203125e-06 1 6912 4032
4.0531158447265625e-06 1 4992 2880
1.31130218505859375e-05 1 13824 27648
4.0531158447265625e-06 1 6912 4032
4.0531158447265625e-06 1 5504 2688
4.0531158447265625e-06 1 6048 4320
5.0067901611328125e-06 1 4160 4200
1.1920928955078125e-05 1 6888 8820
3.0994415283203125e-06 1 392 48
2.86102294921875e-06 1 3368 420
