1.47017956743756631143553454888811487814219251812897226727727684192359447479248046875e-14 1.612559324025196035216487267763448010260418641337309964001178741455078125e-10 5.7620304808448879626223584298928413922891156317973582190461456775665283203125e-11
1.0967254638671875e-05 1 24160 8760
1.0967254638671875e-05 1 24160 8760
8.106231689453125e-06 1 24160 8760
9.059906005859375e-06 1 24160 8760
6.9141387939453125e-06 1 24160 8760
8.106231689453125e-06 1 29920 10650
7.152557373046875e-06 1 29920 10650
7.152557373046875e-06 1 29920 10650
6.9141387939453125e-06 1 29920 10650
8.106231689453125e-06 1 29920 10650
9.059906005859375e-06 1 68160 24420
7.8678131103515625e-06 1 68160 24420
9.059906005859375e-06 1 68160 24420
8.106231689453125e-06 1 68160 24420
8.106231689453125e-06 1 68160 24420
1.0967254638671875e-05 1 83135 29646
1.0013580322265625e-05 1 83135 29646
9.059906005859375e-06 1 83135 29646
3.50475311279296875e-05 1 83135 29646
1.0013580322265625e-05 1 83135 29646
8.106231689453125e-06 1 24320 8760
5.9604644775390625e-06 1 24320 8760
7.152557373046875e-06 1 24320 8760
5.9604644775390625e-06 1 24320 8760
5.9604644775390625e-06 1 24320 8760
8.8214874267578125e-06 1 29280 10650
7.152557373046875e-06 1 29280 10650
6.9141387939453125e-06 1 29280 10650
7.152557373046875e-06 1 29280 10650
6.9141387939453125e-06 1 29280 10650
9.059906005859375e-06 1 48207 17028
8.106231689453125e-06 1 48207 17028
7.8678131103515625e-06 1 48207 17028
9.059906005859375e-06 1 48207 17028
8.106231689453125e-06 1 48207 17028
9.059906005859375e-06 1 57264 20574
9.059906005859375e-06 1 57264 20574
7.8678131103515625e-06 1 57264 20574
9.059906005859375e-06 1 57264 20574
9.059906005859375e-06 1 57264 20574
8.106231689453125e-06 1 24320 8760
6.9141387939453125e-06 1 24320 8760
5.9604644775390625e-06 1 24320 8760
7.152557373046875e-06 1 24320 8760
7.152557373046875e-06 1 24320 8760
6.9141387939453125e-06 1 30240 10650
7.152557373046875e-06 1 30240 10650
6.9141387939453125e-06 1 30240 10650
7.8678131103515625e-06 1 30240 10650
7.152557373046875e-06 1 30240 10650
9.059906005859375e-06 1 37792 13332
8.106231689453125e-06 1 37792 13332
6.9141387939453125e-06 1 37792 13332
7.152557373046875e-06 1 37792 13332
8.106231689453125e-06 1 37792 13332
9.059906005859375e-06 1 44527 16038
8.106231689453125e-06 1 44527 16038
7.8678131103515625e-06 1 44527 16038
9.059906005859375e-06 1 44527 16038
7.152557373046875e-06 1 44527 16038
8.106231689453125e-06 1 55536 20016
6.9141387939453125e-06 1 55536 20016
7.8678131103515625e-06 1 55536 20016
8.106231689453125e-06 1 55536 20016
7.8678131103515625e-06 1 55536 20016
8.8214874267578125e-06 1 66528 23838
9.059906005859375e-06 1 66528 23838
9.059906005859375e-06 1 66528 23838
9.059906005859375e-06 1 66528 23838
8.106231689453125e-06 1 66528 23838
9.059906005859375e-06 1 42640 15330
8.8214874267578125e-06 1 42640 15330
7.8678131103515625e-06 1 42640 15330
7.8678131103515625e-06 1 42640 15330
7.8678131103515625e-06 1 42640 15330
8.106231689453125e-06 1 47760 17040
1.0013580322265625e-05 1 47760 17040
9.059906005859375e-06 1 47760 17040
9.059906005859375e-06 1 47760 17040
8.8214874267578125e-06 1 47760 17040
9.059906005859375e-06 1 62432 22422
9.059906005859375e-06 1 62432 22422
9.059906005859375e-06 1 62432 22422
1.0013580322265625e-05 1 62432 22422
9.059906005859375e-06 1 62432 22422
1.0013580322265625e-05 1 70128 24948
9.059906005859375e-06 1 70128 24948
9.059906005859375e-06 1 70128 24948
1.0013580322265625e-05 1 70128 24948
1.0013580322265625e-05 1 70128 24948
5.9604644775390625e-06 1 24080 8760
7.152557373046875e-06 1 24080 8760
6.9141387939453125e-06 1 24080 8760
5.9604644775390625e-06 1 24080 8760
5.9604644775390625e-06 1 24080 8760
6.9141387939453125e-06 1 29440 10650
7.152557373046875e-06 1 29440 10650
8.106231689453125e-06 1 29440 10650
6.198883056640625e-06 1 29440 10650
6.9141387939453125e-06 1 29440 10650
8.106231689453125e-06 1 32464 11484
7.8678131103515625e-06 1 32464 11484
6.9141387939453125e-06 1 32464 11484
6.9141387939453125e-06 1 32464 11484
7.152557373046875e-06 1 32464 11484
9.059906005859375e-06 1 39120 13770
8.106231689453125e-06 1 39120 13770
8.106231689453125e-06 1 39120 13770
7.152557373046875e-06 1 39120 13770
9.059906005859375e-06 1 39120 13770
9.059906005859375e-06 1 42192 14832
7.8678131103515625e-06 1 42192 14832
8.106231689453125e-06 1 42192 14832
8.106231689453125e-06 1 42192 14832
7.8678131103515625e-06 1 42192 14832
9.059906005859375e-06 1 49104 17574
8.106231689453125e-06 1 49104 17574
7.8678131103515625e-06 1 49104 17574
7.8678131103515625e-06 1 49104 17574
3.0040740966796875e-05 1 49104 17574
8.106231689453125e-06 1 36480 13140
7.8678131103515625e-06 1 36480 13140
7.8678131103515625e-06 1 36480 13140
6.9141387939453125e-06 1 36480 13140
8.106231689453125e-06 1 36480 13140
7.8678131103515625e-06 1 41840 14910
7.8678131103515625e-06 1 41840 14910
8.106231689453125e-06 1 41840 14910
9.059906005859375e-06 1 41840 14910
9.059906005859375e-06 1 41840 14910
9.059906005859375e-06 1 45904 16704
7.152557373046875e-06 1 45904 16704
6.9141387939453125e-06 1 45904 16704
8.106231689453125e-06 1 45904 16704
7.8678131103515625e-06 1 45904 16704
9.059906005859375e-06 1 52720 18870
8.106231689453125e-06 1 52720 18870
1.0013580322265625e-05 1 52720 18870
9.059906005859375e-06 1 52720 18870
9.059906005859375e-06 1 52720 18870
9.059906005859375e-06 1 58672 21012
9.059906005859375e-06 1 58672 21012
8.8214874267578125e-06 1 58672 21012
8.106231689453125e-06 1 58672 21012
9.7751617431640625e-06 1 58672 21012
8.8214874267578125e-06 1 65984 23634
8.8214874267578125e-06 1 65984 23634
9.059906005859375e-06 1 65984 23634
9.059906005859375e-06 1 65984 23634
1.0013580322265625e-05 1 65984 23634
2.9087066650390625e-05 1 51616 18396
8.8214874267578125e-06 1 51616 18396
1.0013580322265625e-05 1 51616 18396
8.8214874267578125e-06 1 51616 18396
7.8678131103515625e-06 1 51616 18396
2.31266021728515625e-05 1 56032 20022
1.0013580322265625e-05 1 56032 20022
1.0013580322265625e-05 1 56032 20022
9.059906005859375e-06 1 56032 20022
9.059906005859375e-06 1 56032 20022
1.0967254638671875e-05 1 64048 22968
1.0013580322265625e-05 1 64048 22968
1.0013580322265625e-05 1 64048 22968
8.8214874267578125e-06 1 64048 22968
1.0013580322265625e-05 1 64048 22968
1.21593475341796875e-05 1 70560 24990
1.0013580322265625e-05 1 70560 24990
1.0967254638671875e-05 1 70560 24990
1.0013580322265625e-05 1 70560 24990
1.0967254638671875e-05 1 70560 24990
7.152557373046875e-06 1 25040 8760
7.152557373046875e-06 1 25040 8760
6.9141387939453125e-06 1 25040 8760
7.152557373046875e-06 1 25040 8760
7.152557373046875e-06 1 25040 8760
6.9141387939453125e-06 1 29520 10650
7.152557373046875e-06 1 29520 10650
6.9141387939453125e-06 1 29520 10650
6.9141387939453125e-06 1 29520 10650
8.106231689453125e-06 1 29520 10650
7.8678131103515625e-06 1 28960 10560
7.152557373046875e-06 1 28960 10560
6.9141387939453125e-06 1 28960 10560
6.9141387939453125e-06 1 28960 10560
7.152557373046875e-06 1 28960 10560
8.106231689453125e-06 1 35536 12636
9.059906005859375e-06 1 35536 12636
7.8678131103515625e-06 1 35536 12636
7.8678131103515625e-06 1 35536 12636
6.9141387939453125e-06 1 35536 12636
6.9141387939453125e-06 1 34608 12528
2.384185791015625e-05 1 34608 12528
6.9141387939453125e-06 1 34608 12528
6.9141387939453125e-06 1 34608 12528
6.9141387939453125e-06 1 34608 12528
8.106231689453125e-06 1 42080 14790
9.059906005859375e-06 1 42080 14790
7.8678131103515625e-06 1 42080 14790
8.106231689453125e-06 1 42080 14790
8.8214874267578125e-06 1 42080 14790
8.106231689453125e-06 1 34144 12264
8.106231689453125e-06 1 34144 12264
8.106231689453125e-06 1 34144 12264
8.106231689453125e-06 1 34144 12264
7.152557373046875e-06 1 34144 12264
8.106231689453125e-06 1 39888 14058
9.059906005859375e-06 1 39888 14058
8.106231689453125e-06 1 39888 14058
9.059906005859375e-06 1 39888 14058
8.106231689453125e-06 1 39888 14058
9.059906005859375e-06 1 40399 14400
8.106231689453125e-06 1 40399 14400
8.106231689453125e-06 1 40399 14400
8.106231689453125e-06 1 40399 14400
6.9141387939453125e-06 1 40399 14400
8.106231689453125e-06 1 45519 16380
8.106231689453125e-06 1 45519 16380
8.8214874267578125e-06 1 45519 16380
9.059906005859375e-06 1 45519 16380
9.059906005859375e-06 1 45519 16380
9.059906005859375e-06 1 46064 16704
7.8678131103515625e-06 1 46064 16704
9.059906005859375e-06 1 46064 16704
7.8678131103515625e-06 1 46064 16704
8.106231689453125e-06 1 46064 16704
8.8214874267578125e-06 1 53360 18870
8.8214874267578125e-06 1 53360 18870
9.059906005859375e-06 1 53360 18870
1.0013580322265625e-05 1 53360 18870
9.059906005859375e-06 1 53360 18870
9.059906005859375e-06 1 46016 16206
9.059906005859375e-06 1 46016 16206
8.8214874267578125e-06 1 46016 16206
1.0967254638671875e-05 1 46016 16206
8.8214874267578125e-06 1 46016 16206
1.0013580322265625e-05 1 50272 17892
8.8214874267578125e-06 1 50272 17892
8.8214874267578125e-06 1 50272 17892
1.0013580322265625e-05 1 50272 17892
1.0013580322265625e-05 1 50272 17892
9.059906005859375e-06 1 51839 18720
8.8214874267578125e-06 1 51839 18720
7.8678131103515625e-06 1 51839 18720
8.106231689453125e-06 1 51839 18720
9.059906005859375e-06 1 51839 18720
2.9087066650390625e-05 1 57552 20592
1.0967254638671875e-05 1 57552 20592
9.059906005859375e-06 1 57552 20592
1.0013580322265625e-05 1 57552 20592
1.0013580322265625e-05 1 57552 20592
1.62498226207824212041009083060618512929355362894856540378896170295774936676025390625e-14 1.701521540392781459309376716019786106304234607478065299801528453826904296875e-10 6.127034527205932631046878455985589019550108247358366497792303562164306640625e-11
1.0967254638671875e-05 1 24160 8760
7.152557373046875e-06 1 24160 8760
1.12056732177734375e-05 1 24160 8760
6.9141387939453125e-06 1 24160 8760
6.9141387939453125e-06 1 24160 8760
8.106231689453125e-06 1 29920 10650
6.9141387939453125e-06 1 29920 10650
6.9141387939453125e-06 1 29920 10650
6.9141387939453125e-06 1 29920 10650
6.9141387939453125e-06 1 29920 10650
9.059906005859375e-06 1 68160 24420
9.059906005859375e-06 1 68160 24420
8.8214874267578125e-06 1 68160 24420
9.059906005859375e-06 1 68160 24420
7.8678131103515625e-06 1 68160 24420
1.0013580322265625e-05 1 83135 29646
8.8214874267578125e-06 1 83135 29646
1.0967254638671875e-05 1 83135 29646
9.059906005859375e-06 1 83135 29646
9.059906005859375e-06 1 83135 29646
7.8678131103515625e-06 1 24320 8760
6.9141387939453125e-06 1 24320 8760
8.106231689453125e-06 1 24320 8760
5.9604644775390625e-06 1 24320 8760
8.106231689453125e-06 1 24320 8760
6.9141387939453125e-06 1 29280 10650
7.152557373046875e-06 1 29280 10650
7.152557373046875e-06 1 29280 10650
6.9141387939453125e-06 1 29280 10650
7.152557373046875e-06 1 29280 10650
7.8678131103515625e-06 1 48207 17028
8.106231689453125e-06 1 48207 17028
8.106231689453125e-06 1 48207 17028
8.106231689453125e-06 1 48207 17028
9.059906005859375e-06 1 48207 17028
7.8678131103515625e-06 1 57264 20574
2.40802764892578125e-05 1 57264 20574
9.059906005859375e-06 1 57264 20574
7.8678131103515625e-06 1 57264 20574
8.106231689453125e-06 1 57264 20574
7.152557373046875e-06 1 24320 8760
6.9141387939453125e-06 1 24320 8760
6.9141387939453125e-06 1 24320 8760
5.9604644775390625e-06 1 24320 8760
5.9604644775390625e-06 1 24320 8760
6.9141387939453125e-06 1 30240 10650
7.152557373046875e-06 1 30240 10650
6.9141387939453125e-06 1 30240 10650
6.9141387939453125e-06 1 30240 10650
7.8678131103515625e-06 1 30240 10650
9.059906005859375e-06 1 37792 13332
7.8678131103515625e-06 1 37792 13332
7.152557373046875e-06 1 37792 13332
6.9141387939453125e-06 1 37792 13332
6.9141387939453125e-06 1 37792 13332
8.106231689453125e-06 1 44527 16038
7.8678131103515625e-06 1 44527 16038
8.106231689453125e-06 1 44527 16038
8.106231689453125e-06 1 44527 16038
9.059906005859375e-06 1 44527 16038
9.059906005859375e-06 1 55536 20016
7.8678131103515625e-06 1 55536 20016
7.8678131103515625e-06 1 55536 20016
6.9141387939453125e-06 1 55536 20016
8.106231689453125e-06 1 55536 20016
9.059906005859375e-06 1 66528 23838
9.059906005859375e-06 1 66528 23838
9.059906005859375e-06 1 66528 23838
9.059906005859375e-06 1 66528 23838
9.059906005859375e-06 1 66528 23838
9.059906005859375e-06 1 42640 15330
7.8678131103515625e-06 1 42640 15330
8.106231689453125e-06 1 42640 15330
8.106231689453125e-06 1 42640 15330
8.106231689453125e-06 1 42640 15330
8.106231689453125e-06 1 47760 17040
8.8214874267578125e-06 1 47760 17040
1.0013580322265625e-05 1 47760 17040
1.0013580322265625e-05 1 47760 17040
1.0013580322265625e-05 1 47760 17040
8.8214874267578125e-06 1 62432 22422
9.059906005859375e-06 1 62432 22422
8.8214874267578125e-06 1 62432 22422
1.0013580322265625e-05 1 62432 22422
8.8214874267578125e-06 1 62432 22422
9.059906005859375e-06 1 70128 24948
1.0013580322265625e-05 1 70128 24948
1.0013580322265625e-05 1 70128 24948
9.059906005859375e-06 1 70128 24948
8.8214874267578125e-06 1 70128 24948
6.9141387939453125e-06 1 24080 8760
7.8678131103515625e-06 1 24080 8760
7.152557373046875e-06 1 24080 8760
6.9141387939453125e-06 1 24080 8760
7.152557373046875e-06 1 24080 8760
6.9141387939453125e-06 1 29440 10650
6.9141387939453125e-06 1 29440 10650
6.9141387939453125e-06 1 29440 10650
6.9141387939453125e-06 1 29440 10650
6.9141387939453125e-06 1 29440 10650
8.106231689453125e-06 1 32464 11484
9.059906005859375e-06 1 32464 11484
8.106231689453125e-06 1 32464 11484
7.8678131103515625e-06 1 32464 11484
8.106231689453125e-06 1 32464 11484
8.8214874267578125e-06 1 39120 13770
9.059906005859375e-06 1 39120 13770
9.059906005859375e-06 1 39120 13770
2.69412994384765625e-05 1 39120 13770
9.059906005859375e-06 1 39120 13770
1.0013580322265625e-05 1 42192 14832
9.059906005859375e-06 1 42192 14832
2.69412994384765625e-05 1 42192 14832
8.106231689453125e-06 1 42192 14832
7.8678131103515625e-06 1 42192 14832
8.106231689453125e-06 1 49104 17574
8.106231689453125e-06 1 49104 17574
8.106231689453125e-06 1 49104 17574
7.8678131103515625e-06 1 49104 17574
7.8678131103515625e-06 1 49104 17574
8.106231689453125e-06 1 36480 13140
7.152557373046875e-06 1 36480 13140
8.106231689453125e-06 1 36480 13140
7.8678131103515625e-06 1 36480 13140
6.9141387939453125e-06 1 36480 13140
9.059906005859375e-06 1 41840 14910
9.059906005859375e-06 1 41840 14910
8.106231689453125e-06 1 41840 14910
9.059906005859375e-06 1 41840 14910
9.059906005859375e-06 1 41840 14910
7.8678131103515625e-06 1 45904 16704
7.8678131103515625e-06 1 45904 16704
7.8678131103515625e-06 1 45904 16704
8.106231689453125e-06 1 45904 16704
7.8678131103515625e-06 1 45904 16704
8.106231689453125e-06 1 52720 18870
9.7751617431640625e-06 1 52720 18870
9.059906005859375e-06 1 52720 18870
9.059906005859375e-06 1 52720 18870
8.8214874267578125e-06 1 52720 18870
9.059906005859375e-06 1 58672 21012
9.059906005859375e-06 1 58672 21012
8.8214874267578125e-06 1 58672 21012
9.059906005859375e-06 1 58672 21012
8.8214874267578125e-06 1 58672 21012
9.059906005859375e-06 1 65984 23634
8.8214874267578125e-06 1 65984 23634
8.8214874267578125e-06 1 65984 23634
9.059906005859375e-06 1 65984 23634
9.059906005859375e-06 1 65984 23634
1.0013580322265625e-05 1 51616 18396
1.0013580322265625e-05 1 51616 18396
8.8214874267578125e-06 1 51616 18396
9.059906005859375e-06 1 51616 18396
9.059906005859375e-06 1 51616 18396
1.0967254638671875e-05 1 56032 20022
9.059906005859375e-06 1 56032 20022
1.0967254638671875e-05 1 56032 20022
8.8214874267578125e-06 1 56032 20022
2.193450927734375e-05 1 56032 20022
1.0967254638671875e-05 1 64048 22968
1.0013580322265625e-05 1 64048 22968
2.31266021728515625e-05 1 64048 22968
1.0013580322265625e-05 1 64048 22968
1.0013580322265625e-05 1 64048 22968
1.0013580322265625e-05 1 70560 24990
9.7751617431640625e-06 1 70560 24990
1.0013580322265625e-05 1 70560 24990
1.0967254638671875e-05 1 70560 24990
9.7751617431640625e-06 1 70560 24990
8.106231689453125e-06 1 25040 8760
6.9141387939453125e-06 1 25040 8760
6.9141387939453125e-06 1 25040 8760
5.9604644775390625e-06 1 25040 8760
6.9141387939453125e-06 1 25040 8760
6.9141387939453125e-06 1 29520 10650
7.152557373046875e-06 1 29520 10650
6.9141387939453125e-06 1 29520 10650
7.152557373046875e-06 1 29520 10650
8.106231689453125e-06 1 29520 10650
6.9141387939453125e-06 1 28960 10560
5.9604644775390625e-06 1 28960 10560
6.9141387939453125e-06 1 28960 10560
7.152557373046875e-06 1 28960 10560
6.9141387939453125e-06 1 28960 10560
7.8678131103515625e-06 1 35536 12636
7.8678131103515625e-06 1 35536 12636
7.8678131103515625e-06 1 35536 12636
7.152557373046875e-06 1 35536 12636
7.8678131103515625e-06 1 35536 12636
7.8678131103515625e-06 1 34608 12528
6.9141387939453125e-06 1 34608 12528
6.9141387939453125e-06 1 34608 12528
8.106231689453125e-06 1 34608 12528
6.9141387939453125e-06 1 34608 12528
7.8678131103515625e-06 1 42080 14790
8.106231689453125e-06 1 42080 14790
8.106231689453125e-06 1 42080 14790
8.106231689453125e-06 1 42080 14790
9.059906005859375e-06 1 42080 14790
8.106231689453125e-06 1 34144 12264
8.106231689453125e-06 1 34144 12264
7.152557373046875e-06 1 34144 12264
7.8678131103515625e-06 1 34144 12264
8.106231689453125e-06 1 34144 12264
9.059906005859375e-06 1 39888 14058
3.0994415283203125e-05 1 39888 14058
8.8214874267578125e-06 1 39888 14058
8.106231689453125e-06 1 39888 14058
7.8678131103515625e-06 1 39888 14058
9.059906005859375e-06 1 40399 14400
8.106231689453125e-06 1 40399 14400
8.106231689453125e-06 1 40399 14400
7.8678131103515625e-06 1 40399 14400
8.106231689453125e-06 1 40399 14400
7.8678131103515625e-06 1 45519 16380
7.8678131103515625e-06 1 45519 16380
7.8678131103515625e-06 1 45519 16380
7.8678131103515625e-06 1 45519 16380
8.106231689453125e-06 1 45519 16380
8.8214874267578125e-06 1 46064 16704
6.9141387939453125e-06 1 46064 16704
7.8678131103515625e-06 1 46064 16704
8.8214874267578125e-06 1 46064 16704
9.059906005859375e-06 1 46064 16704
1.0967254638671875e-05 1 53360 18870
1.0013580322265625e-05 1 53360 18870
9.059906005859375e-06 1 53360 18870
1.0013580322265625e-05 1 53360 18870
1.12056732177734375e-05 1 53360 18870
1.12056732177734375e-05 1 46016 16206
1.1920928955078125e-05 1 46016 16206
1.0013580322265625e-05 1 46016 16206
8.8214874267578125e-06 1 46016 16206
1.0967254638671875e-05 1 46016 16206
1.0013580322265625e-05 1 50272 17892
9.059906005859375e-06 1 50272 17892
9.059906005859375e-06 1 50272 17892
9.059906005859375e-06 1 50272 17892
1.0967254638671875e-05 1 50272 17892
3.0040740966796875e-05 1 51839 18720
1.50203704833984375e-05 1 51839 18720
1.50203704833984375e-05 1 51839 18720
1.3828277587890625e-05 1 51839 18720
6.41345977783203125e-05 1 51839 18720
2.31266021728515625e-05 1 57552 20592
2.69412994384765625e-05 1 57552 20592
1.1920928955078125e-05 1 57552 20592
1.1920928955078125e-05 1 57552 20592
1.59740447998046875e-05 1 57552 20592
0.000000 0.000000 0.000000
0.000010 1.000000 24160.000000 8760.000000
0.000007 1.000000 24160.000000 8760.000000
0.000007 1.000000 24160.000000 8760.000000
0.000010 1.000000 24160.000000 8760.000000
0.000008 1.000000 24160.000000 8760.000000
0.000007 1.000000 29920.000000 10650.000000
0.000007 1.000000 29920.000000 10650.000000
0.000007 1.000000 29920.000000 10650.000000
0.000007 1.000000 29920.000000 10650.000000
0.000007 1.000000 29920.000000 10650.000000
0.000010 1.000000 68160.000000 24420.000000
0.000008 1.000000 68160.000000 24420.000000
0.000008 1.000000 68160.000000 24420.000000
0.000008 1.000000 68160.000000 24420.000000
0.000008 1.000000 68160.000000 24420.000000
0.000009 1.000000 83135.000000 29646.000000
0.000009 1.000000 83135.000000 29646.000000
0.000009 1.000000 83135.000000 29646.000000
0.000009 1.000000 83135.000000 29646.000000
0.000009 1.000000 83135.000000 29646.000000
0.000008 1.000000 24320.000000 8760.000000
0.000007 1.000000 24320.000000 8760.000000
0.000006 1.000000 24320.000000 8760.000000
0.000007 1.000000 24320.000000 8760.000000
0.000006 1.000000 24320.000000 8760.000000
0.000007 1.000000 29280.000000 10650.000000
0.000006 1.000000 29280.000000 10650.000000
0.000007 1.000000 29280.000000 10650.000000
0.000007 1.000000 29280.000000 10650.000000
0.000007 1.000000 29280.000000 10650.000000
0.000009 1.000000 48207.000000 17028.000000
0.000008 1.000000 48207.000000 17028.000000
0.000008 1.000000 48207.000000 17028.000000
0.000009 1.000000 48207.000000 17028.000000
0.000008 1.000000 48207.000000 17028.000000
0.000009 1.000000 57264.000000 20574.000000
0.000008 1.000000 57264.000000 20574.000000
0.000008 1.000000 57264.000000 20574.000000
0.000008 1.000000 57264.000000 20574.000000
0.000008 1.000000 57264.000000 20574.000000
0.000010 1.000000 91408.000000 32688.000000
0.000009 1.000000 91408.000000 32688.000000
0.000009 1.000000 91408.000000 32688.000000
0.000009 1.000000 91408.000000 32688.000000
0.000008 1.000000 91408.000000 32688.000000
0.000009 1.000000 108720.000000 39150.000000
0.000009 1.000000 108720.000000 39150.000000
0.000010 1.000000 108720.000000 39150.000000
0.000010 1.000000 108720.000000 39150.000000
0.000009 1.000000 108720.000000 39150.000000
0.000009 1.000000 54032.000000 19272.000000
0.000009 1.000000 54032.000000 19272.000000
0.000009 1.000000 54032.000000 19272.000000
0.000009 1.000000 54032.000000 19272.000000
0.000009 1.000000 54032.000000 19272.000000
0.000010 1.000000 58784.000000 20874.000000
0.000010 1.000000 58784.000000 20874.000000
0.000009 1.000000 58784.000000 20874.000000
0.000010 1.000000 58784.000000 20874.000000
0.000009 1.000000 58784.000000 20874.000000
0.000011 1.000000 99104.000000 35604.000000
0.000011 1.000000 99104.000000 35604.000000
0.000011 1.000000 99104.000000 35604.000000
0.000010 1.000000 99104.000000 35604.000000
0.000010 1.000000 99104.000000 35604.000000
0.000011 1.000000 108832.000000 38862.000000
0.000012 1.000000 108832.000000 38862.000000
0.000011 1.000000 108832.000000 38862.000000
0.000011 1.000000 108832.000000 38862.000000
0.000011 1.000000 108832.000000 38862.000000
0.000007 1.000000 24640.000000 8760.000000
0.000007 1.000000 24640.000000 8760.000000
0.000007 1.000000 24640.000000 8760.000000
0.000007 1.000000 24640.000000 8760.000000
0.000006 1.000000 24640.000000 8760.000000
0.000007 1.000000 29680.000000 10650.000000
0.000007 1.000000 29680.000000 10650.000000
0.000007 1.000000 29680.000000 10650.000000
0.000007 1.000000 29680.000000 10650.000000
0.000007 1.000000 29680.000000 10650.000000
0.000007 1.000000 37391.000000 13332.000000
0.000007 1.000000 37391.000000 13332.000000
0.000007 1.000000 37391.000000 13332.000000
0.000008 1.000000 37391.000000 13332.000000
0.000006 1.000000 37391.000000 13332.000000
0.000007 1.000000 44527.000000 16038.000000
0.000007 1.000000 44527.000000 16038.000000
0.000007 1.000000 44527.000000 16038.000000
0.000008 1.000000 44527.000000 16038.000000
0.000007 1.000000 44527.000000 16038.000000
0.000008 1.000000 56416.000000 20016.000000
0.000009 1.000000 56416.000000 20016.000000
0.000008 1.000000 56416.000000 20016.000000
0.000008 1.000000 56416.000000 20016.000000
0.000008 1.000000 56416.000000 20016.000000
0.000009 1.000000 67808.000000 23838.000000
0.000009 1.000000 67808.000000 23838.000000
0.000009 1.000000 67808.000000 23838.000000
0.000009 1.000000 67808.000000 23838.000000
0.000009 1.000000 67808.000000 23838.000000
0.000008 1.000000 42960.000000 15330.000000
0.000008 1.000000 42960.000000 15330.000000
0.000008 1.000000 42960.000000 15330.000000
0.000008 1.000000 42960.000000 15330.000000
0.000007 1.000000 42960.000000 15330.000000
0.000008 1.000000 47280.000000 17040.000000
0.000008 1.000000 47280.000000 17040.000000
0.000008 1.000000 47280.000000 17040.000000
0.000009 1.000000 47280.000000 17040.000000
0.000008 1.000000 47280.000000 17040.000000
0.000010 1.000000 62672.000000 22422.000000
0.000008 1.000000 62672.000000 22422.000000
0.000009 1.000000 62672.000000 22422.000000
0.000009 1.000000 62672.000000 22422.000000
0.000009 1.000000 62672.000000 22422.000000
0.000009 1.000000 69567.000000 24948.000000
0.000010 1.000000 69567.000000 24948.000000
0.000009 1.000000 69567.000000 24948.000000
0.000009 1.000000 69567.000000 24948.000000
0.000009 1.000000 69567.000000 24948.000000
0.000010 1.000000 90976.000000 32526.000000
0.000010 1.000000 90976.000000 32526.000000
0.000010 1.000000 90976.000000 32526.000000
0.000010 1.000000 90976.000000 32526.000000
0.000010 1.000000 90976.000000 32526.000000
0.000011 1.000000 100688.000000 36168.000000
0.000010 1.000000 100688.000000 36168.000000
0.000010 1.000000 100688.000000 36168.000000
0.000010 1.000000 100688.000000 36168.000000
0.000010 1.000000 100688.000000 36168.000000
0.000010 1.000000 68208.000000 24528.000000
0.000010 1.000000 68208.000000 24528.000000
0.000010 1.000000 68208.000000 24528.000000
0.000010 1.000000 68208.000000 24528.000000
0.000010 1.000000 68208.000000 24528.000000
0.000010 1.000000 72255.000000 25986.000000
0.000010 1.000000 72255.000000 25986.000000
0.000010 1.000000 72255.000000 25986.000000
0.000010 1.000000 72255.000000 25986.000000
0.000010 1.000000 72255.000000 25986.000000
0.000012 1.000000 98688.000000 35148.000000
0.000012 1.000000 98688.000000 35148.000000
0.000011 1.000000 98688.000000 35148.000000
0.000011 1.000000 98688.000000 35148.000000
0.000012 1.000000 98688.000000 35148.000000
0.000012 1.000000 105152.000000 37422.000000
0.000012 1.000000 105152.000000 37422.000000
0.000012 1.000000 105152.000000 37422.000000
0.000012 1.000000 105152.000000 37422.000000
0.000012 1.000000 105152.000000 37422.000000
0.000007 1.000000 24080.000000 8760.000000
0.000006 1.000000 24080.000000 8760.000000
0.000006 1.000000 24080.000000 8760.000000
0.000006 1.000000 24080.000000 8760.000000
0.000007 1.000000 24080.000000 8760.000000
0.000007 1.000000 29440.000000 10650.000000
0.000007 1.000000 29440.000000 10650.000000
0.000007 1.000000 29440.000000 10650.000000
0.000006 1.000000 29440.000000 10650.000000
0.000007 1.000000 29440.000000 10650.000000
0.000008 1.000000 31903.000000 11484.000000
0.000007 1.000000 31903.000000 11484.000000
0.000006 1.000000 31903.000000 11484.000000
0.000006 1.000000 31903.000000 11484.000000
0.000006 1.000000 31903.000000 11484.000000
0.000007 1.000000 38560.000000 13770.000000
0.000008 1.000000 38560.000000 13770.000000
0.000008 1.000000 38560.000000 13770.000000
0.000007 1.000000 38560.000000 13770.000000
0.000008 1.000000 38560.000000 13770.000000
0.000007 1.000000 41231.000000 14832.000000
0.000007 1.000000 41231.000000 14832.000000
0.000007 1.000000 41231.000000 14832.000000
0.000007 1.000000 41231.000000 14832.000000
0.000008 1.000000 41231.000000 14832.000000
0.000008 1.000000 49344.000000 17574.000000
0.000007 1.000000 49344.000000 17574.000000
0.000009 1.000000 49344.000000 17574.000000
0.000008 1.000000 49344.000000 17574.000000
0.000008 1.000000 49344.000000 17574.000000
0.000009 1.000000 37360.000000 13140.000000
0.000008 1.000000 37360.000000 13140.000000
0.000007 1.000000 37360.000000 13140.000000
0.000008 1.000000 37360.000000 13140.000000
0.000008 1.000000 37360.000000 13140.000000
0.000009 1.000000 42240.000000 14910.000000
0.000009 1.000000 42240.000000 14910.000000
0.000008 1.000000 42240.000000 14910.000000
0.000008 1.000000 42240.000000 14910.000000
0.000008 1.000000 42240.000000 14910.000000
0.000009 1.000000 46944.000000 16704.000000
0.000009 1.000000 46944.000000 16704.000000
0.000008 1.000000 46944.000000 16704.000000
0.000009 1.000000 46944.000000 16704.000000
0.000008 1.000000 46944.000000 16704.000000
0.000008 1.000000 52560.000000 18870.000000
0.000009 1.000000 52560.000000 18870.000000
0.000008 1.000000 52560.000000 18870.000000
0.000008 1.000000 52560.000000 18870.000000
0.000008 1.000000 52560.000000 18870.000000
0.000009 1.000000 58832.000000 21012.000000
0.000009 1.000000 58832.000000 21012.000000
0.000008 1.000000 58832.000000 21012.000000
0.000008 1.000000 58832.000000 21012.000000
0.000008 1.000000 58832.000000 21012.000000
0.000010 1.000000 66464.000000 23634.000000
0.000009 1.000000 66464.000000 23634.000000
0.000009 1.000000 66464.000000 23634.000000
0.000009 1.000000 66464.000000 23634.000000
0.000010 1.000000 66464.000000 23634.000000
0.000009 1.000000 51696.000000 18396.000000
0.000009 1.000000 51696.000000 18396.000000
0.000008 1.000000 51696.000000 18396.000000
0.000009 1.000000 51696.000000 18396.000000
0.000009 1.000000 51696.000000 18396.000000
0.000010 1.000000 56112.000000 20022.000000
0.000009 1.000000 56112.000000 20022.000000
0.000009 1.000000 56112.000000 20022.000000
0.000009 1.000000 56112.000000 20022.000000
0.000009 1.000000 56112.000000 20022.000000
0.000009 1.000000 64288.000000 22968.000000
0.000010 1.000000 64288.000000 22968.000000
0.000010 1.000000 64288.000000 22968.000000
0.000010 1.000000 64288.000000 22968.000000
0.000009 1.000000 64288.000000 22968.000000
0.000010 1.000000 70080.000000 24990.000000
0.000010 1.000000 70080.000000 24990.000000
0.000010 1.000000 70080.000000 24990.000000
0.000010 1.000000 70080.000000 24990.000000
0.000010 1.000000 70080.000000 24990.000000
0.000011 1.000000 79808.000000 28428.000000
0.000010 1.000000 79808.000000 28428.000000
0.000011 1.000000 79808.000000 28428.000000
0.000010 1.000000 79808.000000 28428.000000
0.000010 1.000000 79808.000000 28428.000000
0.000011 1.000000 86256.000000 30906.000000
0.000010 1.000000 86256.000000 30906.000000
0.000010 1.000000 86256.000000 30906.000000
0.000010 1.000000 86256.000000 30906.000000
0.000010 1.000000 86256.000000 30906.000000
0.000011 1.000000 68448.000000 24528.000000
0.000010 1.000000 68448.000000 24528.000000
0.000010 1.000000 68448.000000 24528.000000
0.000010 1.000000 68448.000000 24528.000000
0.000010 1.000000 68448.000000 24528.000000
0.000010 1.000000 72896.000000 25986.000000
0.000011 1.000000 72896.000000 25986.000000
0.000011 1.000000 72896.000000 25986.000000
0.000011 1.000000 72896.000000 25986.000000
0.000011 1.000000 72896.000000 25986.000000
0.000011 1.000000 83936.000000 30276.000000
0.000011 1.000000 83936.000000 30276.000000
0.000011 1.000000 83936.000000 30276.000000
0.000010 1.000000 83936.000000 30276.000000
0.000011 1.000000 83936.000000 30276.000000
0.000012 1.000000 90720.000000 32130.000000
0.000012 1.000000 90720.000000 32130.000000
0.000012 1.000000 90720.000000 32130.000000
0.000012 1.000000 90720.000000 32130.000000
0.000012 1.000000 90720.000000 32130.000000
0.000008 1.000000 24880.000000 8760.000000
0.000007 1.000000 24880.000000 8760.000000
0.000007 1.000000 24880.000000 8760.000000
0.000007 1.000000 24880.000000 8760.000000
0.000007 1.000000 24880.000000 8760.000000
0.000007 1.000000 29760.000000 10650.000000
0.000007 1.000000 29760.000000 10650.000000
0.000007 1.000000 29760.000000 10650.000000
0.000007 1.000000 29760.000000 10650.000000
0.000007 1.000000 29760.000000 10650.000000
0.000007 1.000000 29200.000000 10560.000000
0.000007 1.000000 29200.000000 10560.000000
0.000007 1.000000 29200.000000 10560.000000
0.000007 1.000000 29200.000000 10560.000000
0.000007 1.000000 29200.000000 10560.000000
0.000007 1.000000 35536.000000 12636.000000
0.000007 1.000000 35536.000000 12636.000000
0.000007 1.000000 35536.000000 12636.000000
0.000007 1.000000 35536.000000 12636.000000
0.000007 1.000000 35536.000000 12636.000000
0.000008 1.000000 35168.000000 12528.000000
0.000008 1.000000 35168.000000 12528.000000
0.000007 1.000000 35168.000000 12528.000000
0.000007 1.000000 35168.000000 12528.000000
0.000008 1.000000 35168.000000 12528.000000
0.000008 1.000000 41680.000000 14790.000000
0.000008 1.000000 41680.000000 14790.000000
0.000008 1.000000 41680.000000 14790.000000
0.000008 1.000000 41680.000000 14790.000000
0.000008 1.000000 41680.000000 14790.000000
0.000008 1.000000 34944.000000 12264.000000
0.000008 1.000000 34944.000000 12264.000000
0.000008 1.000000 34944.000000 12264.000000
0.000008 1.000000 34944.000000 12264.000000
0.000008 1.000000 34944.000000 12264.000000
0.000008 1.000000 39648.000000 14058.000000
0.000008 1.000000 39648.000000 14058.000000
0.000008 1.000000 39648.000000 14058.000000
0.000008 1.000000 39648.000000 14058.000000
0.000008 1.000000 39648.000000 14058.000000
0.000008 1.000000 40399.000000 14400.000000
0.000008 1.000000 40399.000000 14400.000000
0.000008 1.000000 40399.000000 14400.000000
0.000009 1.000000 40399.000000 14400.000000
0.000008 1.000000 40399.000000 14400.000000
0.000008 1.000000 46240.000000 16380.000000
0.000008 1.000000 46240.000000 16380.000000
0.000008 1.000000 46240.000000 16380.000000
0.000009 1.000000 46240.000000 16380.000000
0.000009 1.000000 46240.000000 16380.000000
0.000009 1.000000 46384.000000 16704.000000
0.000008 1.000000 46384.000000 16704.000000
0.000007 1.000000 46384.000000 16704.000000
0.000008 1.000000 46384.000000 16704.000000
0.000008 1.000000 46384.000000 16704.000000
0.000008 1.000000 53280.000000 18870.000000
0.000009 1.000000 53280.000000 18870.000000
0.000008 1.000000 53280.000000 18870.000000
0.000009 1.000000 53280.000000 18870.000000
0.000009 1.000000 53280.000000 18870.000000
0.000011 1.000000 45776.000000 16206.000000
0.000009 1.000000 45776.000000 16206.000000
0.000009 1.000000 45776.000000 16206.000000
0.000009 1.000000 45776.000000 16206.000000
0.000008 1.000000 45776.000000 16206.000000
0.000009 1.000000 49872.000000 17892.000000
0.000009 1.000000 49872.000000 17892.000000
0.000008 1.000000 49872.000000 17892.000000
0.000008 1.000000 49872.000000 17892.000000
0.000009 1.000000 49872.000000 17892.000000
0.000009 1.000000 53039.000000 18720.000000
0.000009 1.000000 53039.000000 18720.000000
0.000009 1.000000 53039.000000 18720.000000
0.000009 1.000000 53039.000000 18720.000000
0.000009 1.000000 53039.000000 18720.000000
0.000009 1.000000 57472.000000 20592.000000
0.000009 1.000000 57472.000000 20592.000000
0.000009 1.000000 57472.000000 20592.000000
0.000009 1.000000 57472.000000 20592.000000
0.000009 1.000000 57472.000000 20592.000000
0.000011 1.000000 60672.000000 21402.000000
0.000010 1.000000 60672.000000 21402.000000
0.000010 1.000000 60672.000000 21402.000000
0.000009 1.000000 60672.000000 21402.000000
0.000009 1.000000 60672.000000 21402.000000
0.000010 1.000000 65520.000000 23460.000000
0.000010 1.000000 65520.000000 23460.000000
0.000009 1.000000 65520.000000 23460.000000
0.000009 1.000000 65520.000000 23460.000000
0.000009 1.000000 65520.000000 23460.000000
0.000010 1.000000 56368.000000 20148.000000
0.000009 1.000000 56368.000000 20148.000000
0.000009 1.000000 56368.000000 20148.000000
0.000009 1.000000 56368.000000 20148.000000
0.000009 1.000000 56368.000000 20148.000000
0.000011 1.000000 62016.000000 21726.000000
0.000010 1.000000 62016.000000 21726.000000
0.000011 1.000000 62016.000000 21726.000000
0.000011 1.000000 62016.000000 21726.000000
0.000010 1.000000 62016.000000 21726.000000
0.000010 1.000000 64560.000000 23040.000000
0.000010 1.000000 64560.000000 23040.000000
0.000009 1.000000 64560.000000 23040.000000
0.000010 1.000000 64560.000000 23040.000000
0.000010 1.000000 64560.000000 23040.000000
0.000011 1.000000 69183.000000 24804.000000
0.000010 1.000000 69183.000000 24804.000000
0.000010 1.000000 69183.000000 24804.000000
0.000010 1.000000 69183.000000 24804.000000
0.000010 1.000000 69183.000000 24804.000000
3.14262584612786e-14 1.3019635375811e-10 4.32664463858428e-11
1.09672546386719e-05 1 24160 8760
6.91413879394531e-06 1 24160 8760
7.86781311035156e-06 1 24160 8760
1.78813934326172e-05 1 24160 8760
8.10623168945312e-06 1 24160 8760
7.15255737304688e-06 1 29920 10650
6.91413879394531e-06 1 29920 10650
7.15255737304688e-06 1 29920 10650
6.91413879394531e-06 1 29920 10650
6.91413879394531e-06 1 29920 10650
9.05990600585938e-06 1 68160 24420
9.05990600585938e-06 1 68160 24420
7.86781311035156e-06 1 68160 24420
9.05990600585938e-06 1 68160 24420
9.05990600585938e-06 1 68160 24420
9.05990600585938e-06 1 83135 29646
9.05990600585938e-06 1 83135 29646
9.05990600585938e-06 1 83135 29646
9.05990600585938e-06 1 83135 29646
9.05990600585938e-06 1 83135 29646
7.86781311035156e-06 1 24320 8760
6.91413879394531e-06 1 24320 8760
6.91413879394531e-06 1 24320 8760
7.15255737304688e-06 1 24320 8760
6.91413879394531e-06 1 24320 8760
6.91413879394531e-06 1 29280 10650
6.91413879394531e-06 1 29280 10650
6.91413879394531e-06 1 29280 10650
5.96046447753906e-06 1 29280 10650
6.91413879394531e-06 1 29280 10650
8.82148742675781e-06 1 48207 17028
8.10623168945312e-06 1 48207 17028
7.86781311035156e-06 1 48207 17028
9.05990600585938e-06 1 48207 17028
8.10623168945312e-06 1 48207 17028
8.10623168945312e-06 1 57264 20574
8.10623168945312e-06 1 57264 20574
7.86781311035156e-06 1 57264 20574
8.10623168945312e-06 1 57264 20574
8.10623168945312e-06 1 57264 20574
1.00135803222656e-05 1 91408 32688
9.05990600585938e-06 1 91408 32688
9.05990600585938e-06 1 91408 32688
8.10623168945312e-06 1 91408 32688
8.82148742675781e-06 1 91408 32688
1.00135803222656e-05 1 108720 39150
9.05990600585938e-06 1 108720 39150
1.00135803222656e-05 1 108720 39150
1.00135803222656e-05 1 108720 39150
1.00135803222656e-05 1 108720 39150
1.09672546386719e-05 1 54032 19272
9.05990600585938e-06 1 54032 19272
9.05990600585938e-06 1 54032 19272
1.00135803222656e-05 1 54032 19272
9.05990600585938e-06 1 54032 19272
1.00135803222656e-05 1 58784 20874
9.77516174316406e-06 1 58784 20874
1.00135803222656e-05 1 58784 20874
9.77516174316406e-06 1 58784 20874
9.05990600585938e-06 1 58784 20874
1.09672546386719e-05 1 99104 35604
1.09672546386719e-05 1 99104 35604
1.09672546386719e-05 1 99104 35604
1.09672546386719e-05 1 99104 35604
1.00135803222656e-05 1 99104 35604
1.12056732177734e-05 1 108832 38862
1.09672546386719e-05 1 108832 38862
1.09672546386719e-05 1 108832 38862
3.09944152832031e-05 1 108832 38862
1.19209289550781e-05 1 108832 38862
7.86781311035156e-06 1 24640 8760
5.96046447753906e-06 1 24640 8760
5.96046447753906e-06 1 24640 8760
5.96046447753906e-06 1 24640 8760
6.19888305664062e-06 1 24640 8760
7.15255737304688e-06 1 29680 10650
7.15255737304688e-06 1 29680 10650
8.10623168945312e-06 1 29680 10650
6.91413879394531e-06 1 29680 10650
7.15255737304688e-06 1 29680 10650
2.19345092773438e-05 1 37391 13332
8.10623168945312e-06 1 37391 13332
7.86781311035156e-06 1 37391 13332
7.86781311035156e-06 1 37391 13332
6.91413879394531e-06 1 37391 13332
8.10623168945312e-06 1 44527 16038
7.15255737304688e-06 1 44527 16038
6.91413879394531e-06 1 44527 16038
8.10623168945312e-06 1 44527 16038
8.10623168945312e-06 1 44527 16038
8.82148742675781e-06 1 56416 20016
8.82148742675781e-06 1 56416 20016
7.86781311035156e-06 1 56416 20016
8.10623168945312e-06 1 56416 20016
8.10623168945312e-06 1 56416 20016
3.19480895996094e-05 1 67808 23838
8.82148742675781e-06 1 67808 23838
9.05990600585938e-06 1 67808 23838
8.82148742675781e-06 1 67808 23838
9.05990600585938e-06 1 67808 23838
9.05990600585938e-06 1 42960 15330
8.10623168945312e-06 1 42960 15330
8.10623168945312e-06 1 42960 15330
6.91413879394531e-06 1 42960 15330
7.15255737304688e-06 1 42960 15330
9.05990600585938e-06 1 47280 17040
8.10623168945312e-06 1 47280 17040
7.86781311035156e-06 1 47280 17040
8.10623168945312e-06 1 47280 17040
8.82148742675781e-06 1 47280 17040
1.09672546386719e-05 1 62672 22422
1.00135803222656e-05 1 62672 22422
9.05990600585938e-06 1 62672 22422
1.00135803222656e-05 1 62672 22422
8.82148742675781e-06 1 62672 22422
9.05990600585938e-06 1 69567 24948
9.05990600585938e-06 1 69567 24948
9.05990600585938e-06 1 69567 24948
9.05990600585938e-06 1 69567 24948
8.82148742675781e-06 1 69567 24948
1.09672546386719e-05 1 90976 32526
1.09672546386719e-05 1 90976 32526
1.00135803222656e-05 1 90976 32526
9.05990600585938e-06 1 90976 32526
1.00135803222656e-05 1 90976 32526
1.00135803222656e-05 1 100688 36168
1.09672546386719e-05 1 100688 36168
1.09672546386719e-05 1 100688 36168
1.09672546386719e-05 1 100688 36168
9.77516174316406e-06 1 100688 36168
1.19209289550781e-05 1 68208 24528
1.00135803222656e-05 1 68208 24528
9.05990600585938e-06 1 68208 24528
1.00135803222656e-05 1 68208 24528
1.00135803222656e-05 1 68208 24528
1.09672546386719e-05 1 72255 25986
1.00135803222656e-05 1 72255 25986
1.00135803222656e-05 1 72255 25986
1.00135803222656e-05 1 72255 25986
1.09672546386719e-05 1 72255 25986
1.19209289550781e-05 1 98688 35148
1.09672546386719e-05 1 98688 35148
1.09672546386719e-05 1 98688 35148
1.09672546386719e-05 1 98688 35148
1.09672546386719e-05 1 98688 35148
1.28746032714844e-05 1 105152 37422
1.19209289550781e-05 1 105152 37422
1.19209289550781e-05 1 105152 37422
1.09672546386719e-05 1 105152 37422
1.19209289550781e-05 1 105152 37422
6.91413879394531e-06 1 24080 8760
7.15255737304688e-06 1 24080 8760
7.15255737304688e-06 1 24080 8760
5.96046447753906e-06 1 24080 8760
5.96046447753906e-06 1 24080 8760
6.91413879394531e-06 1 29440 10650
5.96046447753906e-06 1 29440 10650
7.15255737304688e-06 1 29440 10650
8.10623168945312e-06 1 29440 10650
6.19888305664062e-06 1 29440 10650
7.86781311035156e-06 1 31903 11484
5.96046447753906e-06 1 31903 11484
5.96046447753906e-06 1 31903 11484
6.91413879394531e-06 1 31903 11484
6.91413879394531e-06 1 31903 11484
7.86781311035156e-06 1 38560 13770
8.10623168945312e-06 1 38560 13770
8.10623168945312e-06 1 38560 13770
7.15255737304688e-06 1 38560 13770
8.10623168945312e-06 1 38560 13770
8.10623168945312e-06 1 41231 14832
6.91413879394531e-06 1 41231 14832
8.10623168945312e-06 1 41231 14832
6.91413879394531e-06 1 41231 14832
6.91413879394531e-06 1 41231 14832
7.86781311035156e-06 1 49344 17574
8.10623168945312e-06 1 49344 17574
8.10623168945312e-06 1 49344 17574
9.05990600585938e-06 1 49344 17574
8.82148742675781e-06 1 49344 17574
9.05990600585938e-06 1 37360 13140
7.86781311035156e-06 1 37360 13140
9.05990600585938e-06 1 37360 13140
7.86781311035156e-06 1 37360 13140
8.10623168945312e-06 1 37360 13140
9.05990600585938e-06 1 42240 14910
8.10623168945312e-06 1 42240 14910
9.05990600585938e-06 1 42240 14910
1.00135803222656e-05 1 42240 14910
9.05990600585938e-06 1 42240 14910
1.00135803222656e-05 1 46944 16704
8.10623168945312e-06 1 46944 16704
7.86781311035156e-06 1 46944 16704
8.10623168945312e-06 1 46944 16704
8.82148742675781e-06 1 46944 16704
8.82148742675781e-06 1 52560 18870
7.86781311035156e-06 1 52560 18870
9.05990600585938e-06 1 52560 18870
9.05990600585938e-06 1 52560 18870
8.10623168945312e-06 1 52560 18870
1.00135803222656e-05 1 58832 21012
9.05990600585938e-06 1 58832 21012
9.05990600585938e-06 1 58832 21012
9.05990600585938e-06 1 58832 21012
8.10623168945312e-06 1 58832 21012
1.00135803222656e-05 1 66464 23634
1.00135803222656e-05 1 66464 23634
9.05990600585938e-06 1 66464 23634
1.00135803222656e-05 1 66464 23634
8.82148742675781e-06 1 66464 23634
1.00135803222656e-05 1 51696 18396
8.82148742675781e-06 1 51696 18396
9.05990600585938e-06 1 51696 18396
8.82148742675781e-06 1 51696 18396
9.05990600585938e-06 1 51696 18396
1.00135803222656e-05 1 56112 20022
1.00135803222656e-05 1 56112 20022
8.82148742675781e-06 1 56112 20022
8.82148742675781e-06 1 56112 20022
1.00135803222656e-05 1 56112 20022
1.00135803222656e-05 1 64288 22968
8.82148742675781e-06 1 64288 22968
8.82148742675781e-06 1 64288 22968
9.05990600585938e-06 1 64288 22968
8.82148742675781e-06 1 64288 22968
1.00135803222656e-05 1 70080 24990
1.00135803222656e-05 1 70080 24990
1.00135803222656e-05 1 70080 24990
1.00135803222656e-05 1 70080 24990
1.00135803222656e-05 1 70080 24990
1.12056732177734e-05 1 79808 28428
1.00135803222656e-05 1 79808 28428
1.00135803222656e-05 1 79808 28428
1.09672546386719e-05 1 79808 28428
1.09672546386719e-05 1 79808 28428
1.00135803222656e-05 1 86256 30906
1.09672546386719e-05 1 86256 30906
1.00135803222656e-05 1 86256 30906
1.00135803222656e-05 1 86256 30906
1.12056732177734e-05 1 86256 30906
1.19209289550781e-05 1 68448 24528
1.00135803222656e-05 1 68448 24528
1.00135803222656e-05 1 68448 24528
1.09672546386719e-05 1 68448 24528
1.00135803222656e-05 1 68448 24528
1.09672546386719e-05 1 72896 25986
1.09672546386719e-05 1 72896 25986
1.00135803222656e-05 1 72896 25986
1.09672546386719e-05 1 72896 25986
1.09672546386719e-05 1 72896 25986
1.19209289550781e-05 1 83936 30276
1.00135803222656e-05 1 83936 30276
1.09672546386719e-05 1 83936 30276
1.00135803222656e-05 1 83936 30276
1.00135803222656e-05 1 83936 30276
1.21593475341797e-05 1 90720 32130
1.09672546386719e-05 1 90720 32130
1.21593475341797e-05 1 90720 32130
1.21593475341797e-05 1 90720 32130
1.19209289550781e-05 1 90720 32130
9.05990600585938e-06 1 24880 8760
6.91413879394531e-06 1 24880 8760
5.96046447753906e-06 1 24880 8760
6.91413879394531e-06 1 24880 8760
5.96046447753906e-06 1 24880 8760
6.91413879394531e-06 1 29760 10650
7.86781311035156e-06 1 29760 10650
6.91413879394531e-06 1 29760 10650
7.15255737304688e-06 1 29760 10650
7.15255737304688e-06 1 29760 10650
7.86781311035156e-06 1 29200 10560
6.91413879394531e-06 1 29200 10560
6.91413879394531e-06 1 29200 10560
8.10623168945312e-06 1 29200 10560
6.91413879394531e-06 1 29200 10560
8.10623168945312e-06 1 35536 12636
6.91413879394531e-06 1 35536 12636
7.15255737304688e-06 1 35536 12636
7.15255737304688e-06 1 35536 12636
7.15255737304688e-06 1 35536 12636
9.05990600585938e-06 1 35168 12528
8.10623168945312e-06 1 35168 12528
7.15255737304688e-06 1 35168 12528
7.86781311035156e-06 1 35168 12528
6.91413879394531e-06 1 35168 12528
8.10623168945312e-06 1 41680 14790
8.10623168945312e-06 1 41680 14790
8.10623168945312e-06 1 41680 14790
6.91413879394531e-06 1 41680 14790
8.10623168945312e-06 1 41680 14790
1.00135803222656e-05 1 34944 12264
8.10623168945312e-06 1 34944 12264
8.10623168945312e-06 1 34944 12264
8.10623168945312e-06 1 34944 12264
8.10623168945312e-06 1 34944 12264
8.10623168945312e-06 1 39648 14058
8.10623168945312e-06 1 39648 14058
8.10623168945312e-06 1 39648 14058
7.86781311035156e-06 1 39648 14058
7.86781311035156e-06 1 39648 14058
9.05990600585938e-06 1 40399 14400
7.15255737304688e-06 1 40399 14400
7.86781311035156e-06 1 40399 14400
8.10623168945312e-06 1 40399 14400
8.10623168945312e-06 1 40399 14400
8.10623168945312e-06 1 46240 16380
8.82148742675781e-06 1 46240 16380
8.10623168945312e-06 1 46240 16380
9.05990600585938e-06 1 46240 16380
8.10623168945312e-06 1 46240 16380
9.05990600585938e-06 1 46384 16704
6.91413879394531e-06 1 46384 16704
8.10623168945312e-06 1 46384 16704
7.15255737304688e-06 1 46384 16704
6.91413879394531e-06 1 46384 16704
8.82148742675781e-06 1 53280 18870
9.05990600585938e-06 1 53280 18870
7.86781311035156e-06 1 53280 18870
8.10623168945312e-06 1 53280 18870
9.05990600585938e-06 1 53280 18870
1.00135803222656e-05 1 45776 16206
9.05990600585938e-06 1 45776 16206
9.05990600585938e-06 1 45776 16206
7.86781311035156e-06 1 45776 16206
8.10623168945312e-06 1 45776 16206
9.05990600585938e-06 1 49872 17892
9.05990600585938e-06 1 49872 17892
9.05990600585938e-06 1 49872 17892
8.82148742675781e-06 1 49872 17892
9.05990600585938e-06 1 49872 17892
1.00135803222656e-05 1 53039 18720
9.05990600585938e-06 1 53039 18720
9.05990600585938e-06 1 53039 18720
9.05990600585938e-06 1 53039 18720
9.05990600585938e-06 1 53039 18720
1.00135803222656e-05 1 57472 20592
1.00135803222656e-05 1 57472 20592
1.00135803222656e-05 1 57472 20592
8.82148742675781e-06 1 57472 20592
9.05990600585938e-06 1 57472 20592
1.09672546386719e-05 1 60672 21402
9.05990600585938e-06 1 60672 21402
1.00135803222656e-05 1 60672 21402
9.05990600585938e-06 1 60672 21402
1.00135803222656e-05 1 60672 21402
1.09672546386719e-05 1 65520 23460
9.05990600585938e-06 1 65520 23460
1.00135803222656e-05 1 65520 23460
9.05990600585938e-06 1 65520 23460
9.05990600585938e-06 1 65520 23460
1.09672546386719e-05 1 56368 20148
8.82148742675781e-06 1 56368 20148
9.05990600585938e-06 1 56368 20148
1.00135803222656e-05 1 56368 20148
9.77516174316406e-06 1 56368 20148
1.09672546386719e-05 1 62016 21726
1.09672546386719e-05 1 62016 21726
1.00135803222656e-05 1 62016 21726
1.09672546386719e-05 1 62016 21726
1.00135803222656e-05 1 62016 21726
1.09672546386719e-05 1 64560 23040
1.00135803222656e-05 1 64560 23040
1.00135803222656e-05 1 64560 23040
8.82148742675781e-06 1 64560 23040
1.00135803222656e-05 1 64560 23040
1.00135803222656e-05 1 69183 24804
1.00135803222656e-05 1 69183 24804
1.00135803222656e-05 1 69183 24804
1.00135803222656e-05 1 69183 24804
1.00135803222656e-05 1 69183 24804
0.00 0.00 0.00
0.00 1.00 24160.00 8760.00
0.00 1.00 24160.00 8760.00
0.00 1.00 24160.00 8760.00
0.00 1.00 24160.00 8760.00
0.00 1.00 24160.00 8760.00
0.00 1.00 29920.00 10650.00
0.00 1.00 29920.00 10650.00
0.00 1.00 29920.00 10650.00
0.00 1.00 29920.00 10650.00
0.00 1.00 29920.00 10650.00
0.00 1.00 68160.00 24420.00
0.00 1.00 68160.00 24420.00
0.00 1.00 68160.00 24420.00
0.00 1.00 68160.00 24420.00
0.00 1.00 68160.00 24420.00
0.00 1.00 83135.00 29646.00
0.00 1.00 83135.00 29646.00
0.00 1.00 83135.00 29646.00
0.00 1.00 83135.00 29646.00
0.00 1.00 83135.00 29646.00
0.00 1.00 24320.00 8760.00
0.00 1.00 24320.00 8760.00
0.00 1.00 24320.00 8760.00
0.00 1.00 24320.00 8760.00
0.00 1.00 24320.00 8760.00
0.00 1.00 29280.00 10650.00
0.00 1.00 29280.00 10650.00
0.00 1.00 29280.00 10650.00
0.00 1.00 29280.00 10650.00
0.00 1.00 29280.00 10650.00
0.00 1.00 48207.00 17028.00
0.00 1.00 48207.00 17028.00
0.00 1.00 48207.00 17028.00
0.00 1.00 48207.00 17028.00
0.00 1.00 48207.00 17028.00
0.00 1.00 57264.00 20574.00
0.00 1.00 57264.00 20574.00
0.00 1.00 57264.00 20574.00
0.00 1.00 57264.00 20574.00
0.00 1.00 57264.00 20574.00
0.00 1.00 91408.00 32688.00
0.00 1.00 91408.00 32688.00
0.00 1.00 91408.00 32688.00
0.00 1.00 91408.00 32688.00
0.00 1.00 91408.00 32688.00
0.00 1.00 108720.00 39150.00
0.00 1.00 108720.00 39150.00
0.00 1.00 108720.00 39150.00
0.00 1.00 108720.00 39150.00
0.00 1.00 108720.00 39150.00
0.00 1.00 54032.00 19272.00
0.00 1.00 54032.00 19272.00
0.00 1.00 54032.00 19272.00
0.00 1.00 54032.00 19272.00
0.00 1.00 54032.00 19272.00
0.00 1.00 58784.00 20874.00
0.00 1.00 58784.00 20874.00
0.00 1.00 58784.00 20874.00
0.00 1.00 58784.00 20874.00
0.00 1.00 58784.00 20874.00
0.00 1.00 99104.00 35604.00
0.00 1.00 99104.00 35604.00
0.00 1.00 99104.00 35604.00
0.00 1.00 99104.00 35604.00
0.00 1.00 99104.00 35604.00
0.00 1.00 108832.00 38862.00
0.00 1.00 108832.00 38862.00
0.00 1.00 108832.00 38862.00
0.00 1.00 108832.00 38862.00
0.00 1.00 108832.00 38862.00
0.00 1.00 24640.00 8760.00
0.00 1.00 24640.00 8760.00
0.00 1.00 24640.00 8760.00
0.00 1.00 24640.00 8760.00
0.00 1.00 24640.00 8760.00
0.00 1.00 29680.00 10650.00
0.00 1.00 29680.00 10650.00
0.00 1.00 29680.00 10650.00
0.00 1.00 29680.00 10650.00
0.00 1.00 29680.00 10650.00
0.00 1.00 37391.00 13332.00
0.00 1.00 37391.00 13332.00
0.00 1.00 37391.00 13332.00
0.00 1.00 37391.00 13332.00
0.00 1.00 37391.00 13332.00
0.00 1.00 44527.00 16038.00
0.00 1.00 44527.00 16038.00
0.00 1.00 44527.00 16038.00
0.00 1.00 44527.00 16038.00
0.00 1.00 44527.00 16038.00
0.00 1.00 56416.00 20016.00
0.00 1.00 56416.00 20016.00
0.00 1.00 56416.00 20016.00
0.00 1.00 56416.00 20016.00
0.00 1.00 56416.00 20016.00
0.00 1.00 67808.00 23838.00
0.00 1.00 67808.00 23838.00
0.00 1.00 67808.00 23838.00
0.00 1.00 67808.00 23838.00
0.00 1.00 67808.00 23838.00
0.00 1.00 42960.00 15330.00
0.00 1.00 42960.00 15330.00
0.00 1.00 42960.00 15330.00
0.00 1.00 42960.00 15330.00
0.00 1.00 42960.00 15330.00
0.00 1.00 47280.00 17040.00
0.00 1.00 47280.00 17040.00
0.00 1.00 47280.00 17040.00
0.00 1.00 47280.00 17040.00
0.00 1.00 47280.00 17040.00
0.00 1.00 62672.00 22422.00
0.00 1.00 62672.00 22422.00
0.00 1.00 62672.00 22422.00
0.00 1.00 62672.00 22422.00
0.00 1.00 62672.00 22422.00
0.00 1.00 69567.00 24948.00
0.00 1.00 69567.00 24948.00
0.00 1.00 69567.00 24948.00
0.00 1.00 69567.00 24948.00
0.00 1.00 69567.00 24948.00
0.00 1.00 90976.00 32526.00
0.00 1.00 90976.00 32526.00
0.00 1.00 90976.00 32526.00
0.00 1.00 90976.00 32526.00
0.00 1.00 90976.00 32526.00
0.00 1.00 100688.00 36168.00
0.00 1.00 100688.00 36168.00
0.00 1.00 100688.00 36168.00
0.00 1.00 100688.00 36168.00
0.00 1.00 100688.00 36168.00
0.00 1.00 68208.00 24528.00
0.00 1.00 68208.00 24528.00
0.00 1.00 68208.00 24528.00
0.00 1.00 68208.00 24528.00
0.00 1.00 68208.00 24528.00
0.00 1.00 72255.00 25986.00
0.00 1.00 72255.00 25986.00
0.00 1.00 72255.00 25986.00
0.00 1.00 72255.00 25986.00
0.00 1.00 72255.00 25986.00
0.00 1.00 98688.00 35148.00
0.00 1.00 98688.00 35148.00
0.00 1.00 98688.00 35148.00
0.00 1.00 98688.00 35148.00
0.00 1.00 98688.00 35148.00
0.00 1.00 105152.00 37422.00
0.00 1.00 105152.00 37422.00
0.00 1.00 105152.00 37422.00
0.00 1.00 105152.00 37422.00
0.00 1.00 105152.00 37422.00
0.00 1.00 24080.00 8760.00
0.00 1.00 24080.00 8760.00
0.00 1.00 24080.00 8760.00
0.00 1.00 24080.00 8760.00
0.00 1.00 24080.00 8760.00
0.00 1.00 29440.00 10650.00
0.00 1.00 29440.00 10650.00
0.00 1.00 29440.00 10650.00
0.00 1.00 29440.00 10650.00
0.00 1.00 29440.00 10650.00
0.00 1.00 31903.00 11484.00
0.00 1.00 31903.00 11484.00
0.00 1.00 31903.00 11484.00
0.00 1.00 31903.00 11484.00
0.00 1.00 31903.00 11484.00
0.00 1.00 38560.00 13770.00
0.00 1.00 38560.00 13770.00
0.00 1.00 38560.00 13770.00
0.00 1.00 38560.00 13770.00
0.00 1.00 38560.00 13770.00
0.00 1.00 41231.00 14832.00
0.00 1.00 41231.00 14832.00
0.00 1.00 41231.00 14832.00
0.00 1.00 41231.00 14832.00
0.00 1.00 41231.00 14832.00
0.00 1.00 49344.00 17574.00
0.00 1.00 49344.00 17574.00
0.00 1.00 49344.00 17574.00
0.00 1.00 49344.00 17574.00
0.00 1.00 49344.00 17574.00
0.00 1.00 37360.00 13140.00
0.00 1.00 37360.00 13140.00
0.00 1.00 37360.00 13140.00
0.00 1.00 37360.00 13140.00
0.00 1.00 37360.00 13140.00
0.00 1.00 42240.00 14910.00
0.00 1.00 42240.00 14910.00
0.00 1.00 42240.00 14910.00
0.00 1.00 42240.00 14910.00
0.00 1.00 42240.00 14910.00
0.00 1.00 46944.00 16704.00
0.00 1.00 46944.00 16704.00
0.00 1.00 46944.00 16704.00
0.00 1.00 46944.00 16704.00
0.00 1.00 46944.00 16704.00
0.00 1.00 52560.00 18870.00
0.00 1.00 52560.00 18870.00
0.00 1.00 52560.00 18870.00
0.00 1.00 52560.00 18870.00
0.00 1.00 52560.00 18870.00
0.00 1.00 58832.00 21012.00
0.00 1.00 58832.00 21012.00
0.00 1.00 58832.00 21012.00
0.00 1.00 58832.00 21012.00
0.00 1.00 58832.00 21012.00
0.00 1.00 66464.00 23634.00
0.00 1.00 66464.00 23634.00
0.00 1.00 66464.00 23634.00
0.00 1.00 66464.00 23634.00
0.00 1.00 66464.00 23634.00
0.00 1.00 51696.00 18396.00
0.00 1.00 51696.00 18396.00
0.00 1.00 51696.00 18396.00
0.00 1.00 51696.00 18396.00
0.00 1.00 51696.00 18396.00
0.00 1.00 56112.00 20022.00
0.00 1.00 56112.00 20022.00
0.00 1.00 56112.00 20022.00
0.00 1.00 56112.00 20022.00
0.00 1.00 56112.00 20022.00
0.00 1.00 64288.00 22968.00
0.00 1.00 64288.00 22968.00
0.00 1.00 64288.00 22968.00
0.00 1.00 64288.00 22968.00
0.00 1.00 64288.00 22968.00
0.00 1.00 70080.00 24990.00
0.00 1.00 70080.00 24990.00
0.00 1.00 70080.00 24990.00
0.00 1.00 70080.00 24990.00
0.00 1.00 70080.00 24990.00
0.00 1.00 79808.00 28428.00
0.00 1.00 79808.00 28428.00
0.00 1.00 79808.00 28428.00
0.00 1.00 79808.00 28428.00
0.00 1.00 79808.00 28428.00
0.00 1.00 86256.00 30906.00
0.00 1.00 86256.00 30906.00
0.00 1.00 86256.00 30906.00
0.00 1.00 86256.00 30906.00
0.00 1.00 86256.00 30906.00
0.00 1.00 68448.00 24528.00
0.00 1.00 68448.00 24528.00
0.00 1.00 68448.00 24528.00
0.00 1.00 68448.00 24528.00
0.00 1.00 68448.00 24528.00
0.00 1.00 72896.00 25986.00
0.00 1.00 72896.00 25986.00
0.00 1.00 72896.00 25986.00
0.00 1.00 72896.00 25986.00
0.00 1.00 72896.00 25986.00
0.00 1.00 83936.00 30276.00
0.00 1.00 83936.00 30276.00
0.00 1.00 83936.00 30276.00
0.00 1.00 83936.00 30276.00
0.00 1.00 83936.00 30276.00
0.00 1.00 90720.00 32130.00
0.00 1.00 90720.00 32130.00
0.00 1.00 90720.00 32130.00
0.00 1.00 90720.00 32130.00
0.00 1.00 90720.00 32130.00
0.00 1.00 24880.00 8760.00
0.00 1.00 24880.00 8760.00
0.00 1.00 24880.00 8760.00
0.00 1.00 24880.00 8760.00
0.00 1.00 24880.00 8760.00
0.00 1.00 29760.00 10650.00
0.00 1.00 29760.00 10650.00
0.00 1.00 29760.00 10650.00
0.00 1.00 29760.00 10650.00
0.00 1.00 29760.00 10650.00
0.00 1.00 29200.00 10560.00
0.00 1.00 29200.00 10560.00
0.00 1.00 29200.00 10560.00
0.00 1.00 29200.00 10560.00
0.00 1.00 29200.00 10560.00
0.00 1.00 35536.00 12636.00
0.00 1.00 35536.00 12636.00
0.00 1.00 35536.00 12636.00
0.00 1.00 35536.00 12636.00
0.00 1.00 35536.00 12636.00
0.00 1.00 35168.00 12528.00
0.00 1.00 35168.00 12528.00
0.00 1.00 35168.00 12528.00
0.00 1.00 35168.00 12528.00
0.00 1.00 35168.00 12528.00
0.00 1.00 41680.00 14790.00
0.00 1.00 41680.00 14790.00
0.00 1.00 41680.00 14790.00
0.00 1.00 41680.00 14790.00
0.00 1.00 41680.00 14790.00
0.00 1.00 34944.00 12264.00
0.00 1.00 34944.00 12264.00
0.00 1.00 34944.00 12264.00
0.00 1.00 34944.00 12264.00
0.00 1.00 34944.00 12264.00
0.00 1.00 39648.00 14058.00
0.00 1.00 39648.00 14058.00
0.00 1.00 39648.00 14058.00
0.00 1.00 39648.00 14058.00
0.00 1.00 39648.00 14058.00
0.00 1.00 40399.00 14400.00
0.00 1.00 40399.00 14400.00
0.00 1.00 40399.00 14400.00
0.00 1.00 40399.00 14400.00
0.00 1.00 40399.00 14400.00
0.00 1.00 46240.00 16380.00
0.00 1.00 46240.00 16380.00
0.00 1.00 46240.00 16380.00
0.00 1.00 46240.00 16380.00
0.00 1.00 46240.00 16380.00
0.00 1.00 46384.00 16704.00
0.00 1.00 46384.00 16704.00
0.00 1.00 46384.00 16704.00
0.00 1.00 46384.00 16704.00
0.00 1.00 46384.00 16704.00
0.00 1.00 53280.00 18870.00
0.00 1.00 53280.00 18870.00
0.00 1.00 53280.00 18870.00
0.00 1.00 53280.00 18870.00
0.00 1.00 53280.00 18870.00
0.00 1.00 45776.00 16206.00
0.00 1.00 45776.00 16206.00
0.00 1.00 45776.00 16206.00
0.00 1.00 45776.00 16206.00
0.00 1.00 45776.00 16206.00
0.00 1.00 49872.00 17892.00
0.00 1.00 49872.00 17892.00
0.00 1.00 49872.00 17892.00
0.00 1.00 49872.00 17892.00
0.00 1.00 49872.00 17892.00
0.00 1.00 53039.00 18720.00
0.00 1.00 53039.00 18720.00
0.00 1.00 53039.00 18720.00
0.00 1.00 53039.00 18720.00
0.00 1.00 53039.00 18720.00
0.00 1.00 57472.00 20592.00
0.00 1.00 57472.00 20592.00
0.00 1.00 57472.00 20592.00
0.00 1.00 57472.00 20592.00
0.00 1.00 57472.00 20592.00
0.00 0.00 0.00
0.00 1.00 24160.00 8760.00
0.00 1.00 24160.00 8760.00
0.00 1.00 24160.00 8760.00
0.00 1.00 24160.00 8760.00
0.00 1.00 24160.00 8760.00
0.00 1.00 29920.00 10650.00
0.00 1.00 29920.00 10650.00
0.00 1.00 29920.00 10650.00
0.00 1.00 29920.00 10650.00
0.00 1.00 29920.00 10650.00
0.00 1.00 68160.00 24420.00
0.00 1.00 68160.00 24420.00
0.00 1.00 68160.00 24420.00
0.00 1.00 68160.00 24420.00
0.00 1.00 68160.00 24420.00
0.00 1.00 83135.00 29646.00
0.00 1.00 83135.00 29646.00
0.00 1.00 83135.00 29646.00
0.00 1.00 83135.00 29646.00
0.00 1.00 83135.00 29646.00
0.00 1.00 24320.00 8760.00
0.00 1.00 24320.00 8760.00
0.00 1.00 24320.00 8760.00
0.00 1.00 24320.00 8760.00
0.00 1.00 24320.00 8760.00
0.00 1.00 29280.00 10650.00
0.00 1.00 29280.00 10650.00
0.00 1.00 29280.00 10650.00
0.00 1.00 29280.00 10650.00
0.00 1.00 29280.00 10650.00
0.00 1.00 48207.00 17028.00
0.00 1.00 48207.00 17028.00
0.00 1.00 48207.00 17028.00
0.00 1.00 48207.00 17028.00
0.00 1.00 48207.00 17028.00
0.00 1.00 57264.00 20574.00
0.00 1.00 57264.00 20574.00
0.00 1.00 57264.00 20574.00
0.00 1.00 57264.00 20574.00
0.00 1.00 57264.00 20574.00
0.00 1.00 91408.00 32688.00
0.00 1.00 91408.00 32688.00
0.00 1.00 91408.00 32688.00
0.00 1.00 91408.00 32688.00
0.00 1.00 91408.00 32688.00
0.00 1.00 108720.00 39150.00
0.00 1.00 108720.00 39150.00
0.00 1.00 108720.00 39150.00
0.00 1.00 108720.00 39150.00
0.00 1.00 108720.00 39150.00
0.00 1.00 54032.00 19272.00
0.00 1.00 54032.00 19272.00
0.00 1.00 54032.00 19272.00
0.00 1.00 54032.00 19272.00
0.00 1.00 54032.00 19272.00
0.00 1.00 58784.00 20874.00
0.00 1.00 58784.00 20874.00
0.00 1.00 58784.00 20874.00
0.00 1.00 58784.00 20874.00
0.00 1.00 58784.00 20874.00
0.00 1.00 99104.00 35604.00
0.00 1.00 99104.00 35604.00
0.00 1.00 99104.00 35604.00
0.00 1.00 99104.00 35604.00
0.00 1.00 99104.00 35604.00
0.00 1.00 108832.00 38862.00
0.00 1.00 108832.00 38862.00
0.00 1.00 108832.00 38862.00
0.00 1.00 108832.00 38862.00
0.00 1.00 108832.00 38862.00
0.00 1.00 24640.00 8760.00
0.00 1.00 24640.00 8760.00
0.00 1.00 24640.00 8760.00
0.00 1.00 24640.00 8760.00
0.00 1.00 24640.00 8760.00
0.00 1.00 29680.00 10650.00
0.00 1.00 29680.00 10650.00
0.00 1.00 29680.00 10650.00
0.00 1.00 29680.00 10650.00
0.00 1.00 29680.00 10650.00
0.00 1.00 37391.00 13332.00
0.00 1.00 37391.00 13332.00
0.00 1.00 37391.00 13332.00
0.00 1.00 37391.00 13332.00
0.00 1.00 37391.00 13332.00
0.00 1.00 44527.00 16038.00
0.00 1.00 44527.00 16038.00
0.00 1.00 44527.00 16038.00
0.00 1.00 44527.00 16038.00
0.00 1.00 44527.00 16038.00
0.00 1.00 56416.00 20016.00
0.00 1.00 56416.00 20016.00
0.00 1.00 56416.00 20016.00
0.00 1.00 56416.00 20016.00
0.00 1.00 56416.00 20016.00
0.00 1.00 67808.00 23838.00
0.00 1.00 67808.00 23838.00
0.00 1.00 67808.00 23838.00
0.00 1.00 67808.00 23838.00
0.00 1.00 67808.00 23838.00
0.00 1.00 42960.00 15330.00
0.00 1.00 42960.00 15330.00
0.00 1.00 42960.00 15330.00
0.00 1.00 42960.00 15330.00
0.00 1.00 42960.00 15330.00
0.00 1.00 47280.00 17040.00
0.00 1.00 47280.00 17040.00
0.00 1.00 47280.00 17040.00
0.00 1.00 47280.00 17040.00
0.00 1.00 47280.00 17040.00
0.00 1.00 62672.00 22422.00
0.00 1.00 62672.00 22422.00
0.00 1.00 62672.00 22422.00
0.00 1.00 62672.00 22422.00
0.00 1.00 62672.00 22422.00
0.00 1.00 69567.00 24948.00
0.00 1.00 69567.00 24948.00
0.00 1.00 69567.00 24948.00
0.00 1.00 69567.00 24948.00
0.00 1.00 69567.00 24948.00
0.00 1.00 90976.00 32526.00
0.00 1.00 90976.00 32526.00
0.00 1.00 90976.00 32526.00
0.00 1.00 90976.00 32526.00
0.00 1.00 90976.00 32526.00
0.00 1.00 100688.00 36168.00
0.00 1.00 100688.00 36168.00
0.00 1.00 100688.00 36168.00
0.00 1.00 100688.00 36168.00
0.00 1.00 100688.00 36168.00
0.00 1.00 68208.00 24528.00
0.00 1.00 68208.00 24528.00
0.00 1.00 68208.00 24528.00
0.00 1.00 68208.00 24528.00
0.00 1.00 68208.00 24528.00
0.00 1.00 72255.00 25986.00
0.00 1.00 72255.00 25986.00
0.00 1.00 72255.00 25986.00
0.00 1.00 72255.00 25986.00
0.00 1.00 72255.00 25986.00
0.00 1.00 98688.00 35148.00
0.00 1.00 98688.00 35148.00
0.00 1.00 98688.00 35148.00
0.00 1.00 98688.00 35148.00
0.00 1.00 98688.00 35148.00
0.00 1.00 105152.00 37422.00
0.00 1.00 105152.00 37422.00
0.00 1.00 105152.00 37422.00
0.00 1.00 105152.00 37422.00
0.00 1.00 105152.00 37422.00
0.00 1.00 24080.00 8760.00
0.00 1.00 24080.00 8760.00
0.00 1.00 24080.00 8760.00
0.00 1.00 24080.00 8760.00
0.00 1.00 24080.00 8760.00
0.00 1.00 29440.00 10650.00
0.00 1.00 29440.00 10650.00
0.00 1.00 29440.00 10650.00
0.00 1.00 29440.00 10650.00
0.00 1.00 29440.00 10650.00
0.00 1.00 31903.00 11484.00
0.00 1.00 31903.00 11484.00
0.00 1.00 31903.00 11484.00
0.00 1.00 31903.00 11484.00
0.00 1.00 31903.00 11484.00
0.00 1.00 38560.00 13770.00
0.00 1.00 38560.00 13770.00
0.00 1.00 38560.00 13770.00
0.00 1.00 38560.00 13770.00
0.00 1.00 38560.00 13770.00
0.00 1.00 41231.00 14832.00
0.00 1.00 41231.00 14832.00
0.00 1.00 41231.00 14832.00
0.00 1.00 41231.00 14832.00
0.00 1.00 41231.00 14832.00
0.00 1.00 49344.00 17574.00
0.00 1.00 49344.00 17574.00
0.00 1.00 49344.00 17574.00
0.00 1.00 49344.00 17574.00
0.00 1.00 49344.00 17574.00
0.00 1.00 37360.00 13140.00
0.00 1.00 37360.00 13140.00
0.00 1.00 37360.00 13140.00
0.00 1.00 37360.00 13140.00
0.00 1.00 37360.00 13140.00
0.00 1.00 42240.00 14910.00
0.00 1.00 42240.00 14910.00
0.00 1.00 42240.00 14910.00
0.00 1.00 42240.00 14910.00
0.00 1.00 42240.00 14910.00
0.00 1.00 46944.00 16704.00
0.00 1.00 46944.00 16704.00
0.00 1.00 46944.00 16704.00
0.00 1.00 46944.00 16704.00
0.00 1.00 46944.00 16704.00
0.00 1.00 52560.00 18870.00
0.00 1.00 52560.00 18870.00
0.00 1.00 52560.00 18870.00
0.00 1.00 52560.00 18870.00
0.00 1.00 52560.00 18870.00
0.00 1.00 58832.00 21012.00
0.00 1.00 58832.00 21012.00
0.00 1.00 58832.00 21012.00
0.00 1.00 58832.00 21012.00
0.00 1.00 58832.00 21012.00
0.00 1.00 66464.00 23634.00
0.00 1.00 66464.00 23634.00
0.00 1.00 66464.00 23634.00
0.00 1.00 66464.00 23634.00
0.00 1.00 66464.00 23634.00
0.00 1.00 51696.00 18396.00
0.00 1.00 51696.00 18396.00
0.00 1.00 51696.00 18396.00
0.00 1.00 51696.00 18396.00
0.00 1.00 51696.00 18396.00
0.00 1.00 56112.00 20022.00
0.00 1.00 56112.00 20022.00
0.00 1.00 56112.00 20022.00
0.00 1.00 56112.00 20022.00
0.00 1.00 56112.00 20022.00
0.00 1.00 64288.00 22968.00
0.00 1.00 64288.00 22968.00
0.00 1.00 64288.00 22968.00
0.00 1.00 64288.00 22968.00
0.00 1.00 64288.00 22968.00
0.00 1.00 70080.00 24990.00
0.00 1.00 70080.00 24990.00
0.00 1.00 70080.00 24990.00
0.00 1.00 70080.00 24990.00
0.00 1.00 70080.00 24990.00
0.00 1.00 79808.00 28428.00
0.00 1.00 79808.00 28428.00
0.00 1.00 79808.00 28428.00
0.00 1.00 79808.00 28428.00
0.00 1.00 79808.00 28428.00
0.00 1.00 86256.00 30906.00
0.00 1.00 86256.00 30906.00
0.00 1.00 86256.00 30906.00
0.00 1.00 86256.00 30906.00
0.00 1.00 86256.00 30906.00
0.00 1.00 68448.00 24528.00
0.00 1.00 68448.00 24528.00
0.00 1.00 68448.00 24528.00
0.00 1.00 68448.00 24528.00
0.00 1.00 68448.00 24528.00
0.00 1.00 72896.00 25986.00
0.00 1.00 72896.00 25986.00
0.00 1.00 72896.00 25986.00
0.00 1.00 72896.00 25986.00
0.00 1.00 72896.00 25986.00
0.00 1.00 83936.00 30276.00
0.00 1.00 83936.00 30276.00
0.00 1.00 83936.00 30276.00
0.00 1.00 83936.00 30276.00
0.00 1.00 83936.00 30276.00
0.00 1.00 90720.00 32130.00
0.00 1.00 90720.00 32130.00
0.00 1.00 90720.00 32130.00
0.00 1.00 90720.00 32130.00
0.00 1.00 90720.00 32130.00
0.00 1.00 24880.00 8760.00
0.00 1.00 24880.00 8760.00
0.00 1.00 24880.00 8760.00
0.00 1.00 24880.00 8760.00
0.00 1.00 24880.00 8760.00
0.00 1.00 29760.00 10650.00
0.00 1.00 29760.00 10650.00
0.00 1.00 29760.00 10650.00
0.00 1.00 29760.00 10650.00
0.00 1.00 29760.00 10650.00
0.00 1.00 29200.00 10560.00
0.00 1.00 29200.00 10560.00
0.00 1.00 29200.00 10560.00
0.00 1.00 29200.00 10560.00
0.00 1.00 29200.00 10560.00
0.00 1.00 35536.00 12636.00
0.00 1.00 35536.00 12636.00
0.00 1.00 35536.00 12636.00
0.00 1.00 35536.00 12636.00
0.00 1.00 35536.00 12636.00
0.00 1.00 35168.00 12528.00
0.00 1.00 35168.00 12528.00
0.00 1.00 35168.00 12528.00
0.00 1.00 35168.00 12528.00
0.00 1.00 35168.00 12528.00
0.00 1.00 41680.00 14790.00
0.00 1.00 41680.00 14790.00
0.00 1.00 41680.00 14790.00
0.00 1.00 41680.00 14790.00
0.00 1.00 41680.00 14790.00
0.00 1.00 34944.00 12264.00
0.00 1.00 34944.00 12264.00
0.00 1.00 34944.00 12264.00
0.00 1.00 34944.00 12264.00
0.00 1.00 34944.00 12264.00
0.00 1.00 39648.00 14058.00
0.00 1.00 39648.00 14058.00
0.00 1.00 39648.00 14058.00
0.00 1.00 39648.00 14058.00
0.00 1.00 39648.00 14058.00
0.00 1.00 40399.00 14400.00
0.00 1.00 40399.00 14400.00
0.00 1.00 40399.00 14400.00
0.00 1.00 40399.00 14400.00
0.00 1.00 40399.00 14400.00
0.00 1.00 46240.00 16380.00
0.00 1.00 46240.00 16380.00
0.00 1.00 46240.00 16380.00
0.00 1.00 46240.00 16380.00
0.00 1.00 46240.00 16380.00
0.00 1.00 46384.00 16704.00
0.00 1.00 46384.00 16704.00
0.00 1.00 46384.00 16704.00
0.00 1.00 46384.00 16704.00
0.00 1.00 46384.00 16704.00
0.00 1.00 53280.00 18870.00
0.00 1.00 53280.00 18870.00
0.00 1.00 53280.00 18870.00
0.00 1.00 53280.00 18870.00
0.00 1.00 53280.00 18870.00
0.00 1.00 45776.00 16206.00
0.00 1.00 45776.00 16206.00
0.00 1.00 45776.00 16206.00
0.00 1.00 45776.00 16206.00
0.00 1.00 45776.00 16206.00
0.00 1.00 49872.00 17892.00
0.00 1.00 49872.00 17892.00
0.00 1.00 49872.00 17892.00
0.00 1.00 49872.00 17892.00
0.00 1.00 49872.00 17892.00
0.00 1.00 53039.00 18720.00
0.00 1.00 53039.00 18720.00
0.00 1.00 53039.00 18720.00
0.00 1.00 53039.00 18720.00
0.00 1.00 53039.00 18720.00
0.00 1.00 57472.00 20592.00
0.00 1.00 57472.00 20592.00
0.00 1.00 57472.00 20592.00
0.00 1.00 57472.00 20592.00
0.00 1.00 57472.00 20592.00
0.00 1.00 60672.00 21402.00
0.00 1.00 60672.00 21402.00
0.00 1.00 60672.00 21402.00
0.00 1.00 60672.00 21402.00
0.00 1.00 60672.00 21402.00
0.00 1.00 65520.00 23460.00
0.00 1.00 65520.00 23460.00
0.00 1.00 65520.00 23460.00
0.00 1.00 65520.00 23460.00
0.00 1.00 65520.00 23460.00
0.00 1.00 56368.00 20148.00
0.00 1.00 56368.00 20148.00
0.00 1.00 56368.00 20148.00
0.00 1.00 56368.00 20148.00
0.00 1.00 56368.00 20148.00
0.00 1.00 62016.00 21726.00
0.00 1.00 62016.00 21726.00
0.00 1.00 62016.00 21726.00
0.00 1.00 62016.00 21726.00
0.00 1.00 62016.00 21726.00
0.00 1.00 64560.00 23040.00
0.00 1.00 64560.00 23040.00
0.00 1.00 64560.00 23040.00
0.00 1.00 64560.00 23040.00
0.00 1.00 64560.00 23040.00
0.00 1.00 69183.00 24804.00
0.00 1.00 69183.00 24804.00
0.00 1.00 69183.00 24804.00
0.00 1.00 69183.00 24804.00
0.00 1.00 69183.00 24804.00
  
   
   
   
   
   
   
   
   
   
   
   
   
   
   
   
   
   
   
   
   
   
   
   
   
   
   
   
   
   
   
   
   
   
   
   
   
   
   
   
   
   
   
   
   
   
   
   
   
   
   
   
   
   
   
   
   
   
   
   
   
   
   
   
   
   
   
   
   
   
   
   
   
   
   
   
   
   
   
   
   
   
   
   
   
   
   
   
   
   
   
   
   
   
   
   
   
   
   
   
   
   
   
   
   
   
   
   
   
   
   
   
   
   
   
   
   
   
   
   
   
   
   
   
   
   
   
   
   
   
   
   
   
   
   
   
   
   
   
   
   
   
   
   
   
   
   
   
   
   
   
   
   
   
   
   
   
   
   
   
   
   
   
   
   
   
   
   
   
   
   
   
   
   
   
   
   
   
   
   
   
   
   
   
   
   
   
   
   
   
   
   
   
   
   
   
   
   
   
   
   
   
   
   
   
   
   
   
   
   
   
   
   
   
   
   
   
   
   
   
   
   
   
   
   
   
   
   
   
   
   
   
   
   
   
   
   
   
   
   
   
   
   
   
   
   
   
   
   
   
   
   
   
   
   
   
   
   
   
   
   
   
   
   
   
   
   
   
   
   
   
   
   
   
   
   
   
   
   
   
   
   
   
   
   
   
   
   
   
   
   
   
   
   
   
   
   
   
   
   
   
   
   
   
   
   
   
   
   
   
   
