-1.27012e-14 8.81687e-11 9.92451e-12 
1.40667e-05 1 36080 756150 
1.00136e-05 1 36080 756150 
9.05991e-06 1 36080 756150 
9.05991e-06 1 36080 756150 
9.05991e-06 1 36080 756150 
1.12057e-05 1 31872 653184 
1.00136e-05 1 31872 653184 
1.00136e-05 1 31872 653184 
1.00136e-05 1 31872 653184 
1.00136e-05 1 31872 653184 
2.86102e-06 1 19728 140454 
9.53674e-07 1 7184 8262 
1.90735e-06 1 19728 140454 
9.53674e-07 1 7184 8262 
2.86102e-06 1 21008 140454 
9.53674e-07 1 8464 8262 
5.00679e-06 1 24848 140454 
2.14577e-06 1 12304 8262 
5.96046e-06 1 31248 140454 
1.90735e-06 1 18704 8262 
6.8903e-05 1 107216 5.42522e+06 
6.81877e-05 1 107216 5.42522e+06 
7.10487e-05 1 107216 5.42522e+06 
6.79493e-05 1 107216 5.42522e+06 
7.10487e-05 1 107216 5.42522e+06 
5.6982e-05 1 94591 4.67213e+06 
5.88894e-05 1 94591 4.67213e+06 
5.6982e-05 1 94591 4.67213e+06 
5.6982e-05 1 94591 4.67213e+06 
6.00815e-05 1 94591 4.67213e+06 
2.86102e-06 1 42464 418038 
1.90735e-06 1 11936 22002 
4.05312e-06 1 45024 418038 
1.90735e-06 1 14496 22002 
7.86781e-06 1 48864 418038 
2.14577e-06 1 18336 22002 
1.12057e-05 1 57824 418038 
2.86102e-06 1 27296 22002 
1.5974e-05 1 73184 418038 
2.86102e-06 1 42656 22002 
1.40667e-05 1 36080 756150 
1.21593e-05 1 36080 756150 
1.09673e-05 1 36080 756150 
1.21593e-05 1 36080 756150 
1.09673e-05 1 36080 756150 
1.00136e-05 1 31872 653184 
1.09673e-05 1 31872 653184 
1.00136e-05 1 31872 653184 
1.00136e-05 1 31872 653184 
1.00136e-05 1 31872 653184 
1.90735e-06 1 19728 140454 
2.14577e-06 1 7184 8262 
2.14577e-06 1 19728 140454 
9.53674e-07 1 7184 8262 
2.86102e-06 1 21008 140454 
2.14577e-06 1 8464 8262 
5.00679e-06 1 24848 140454 
2.14577e-06 1 12304 8262 
5.96046e-06 1 31248 140454 
9.53674e-07 1 18704 8262 
3.50475e-05 1 70224 2.6129e+06 
4.22001e-05 1 70224 2.6129e+06 
4.72069e-05 1 70224 2.6129e+06 
4.41074e-05 1 70224 2.6129e+06 
0.000130892 1 70224 2.6129e+06 
3.09944e-05 1 62464 2.26099e+06 
3.00407e-05 1 62464 2.26099e+06 
3.00407e-05 1 62464 2.26099e+06 
2.88486e-05 1 62464 2.26099e+06 
2.59876e-05 1 62464 2.26099e+06 
3.09944e-06 1 31391 296742 
9.53674e-07 1 8927 15618 
4.05312e-06 1 32672 296742 
1.90735e-06 1 10208 15618 
4.22001e-05 1 36512 296742 
1.90735e-06 1 14048 15618 
9.05991e-06 1 42912 296742 
1.90735e-06 1 20448 15618 
1.40667e-05 1 58272 296742 
2.86102e-06 1 35808 15618 
1.21593e-05 1 36080 756150 
1.00136e-05 1 36080 756150 
1.09673e-05 1 36080 756150 
1.00136e-05 1 36080 756150 
1.00136e-05 1 36080 756150 
1.00136e-05 1 31872 653184 
1.00136e-05 1 31872 653184 
1.00136e-05 1 31872 653184 
1.00136e-05 1 31872 653184 
2.5034e-05 1 31872 653184 
2.14577e-06 1 19728 140454 
1.19209e-06 1 7184 8262 
2.14577e-06 1 19728 140454 
9.53674e-07 1 7184 8262 
2.86102e-06 1 21008 140454 
1.90735e-06 1 8464 8262 
5.00679e-06 1 24848 140454 
9.53674e-07 1 12304 8262 
7.86781e-06 1 32528 140454 
2.14577e-06 1 19984 8262 
2.19345e-05 1 54288 1.58776e+06 
2.00272e-05 1 54288 1.58776e+06 
2.00272e-05 1 54288 1.58776e+06 
2.19345e-05 1 54288 1.58776e+06 
2.09808e-05 1 54288 1.58776e+06 
1.78814e-05 1 47040 1.38e+06 
1.5974e-05 1 47040 1.38e+06 
1.71661e-05 1 47040 1.38e+06 
1.81198e-05 1 47040 1.38e+06 
1.78814e-05 1 47040 1.38e+06 
3.09944e-06 1 25855 236094 
9.53674e-07 1 7423 12426 
2.86102e-06 1 27136 236094 
9.53674e-07 1 8704 12426 
3.8147e-06 1 29696 236094 
9.53674e-07 1 11264 12426 
6.91414e-06 1 34816 236094 
9.53674e-07 1 16384 12426 
1.00136e-05 1 42496 236094 
2.14577e-06 1 24064 12426 
3.79086e-05 1 80208 3.26581e+06 
3.71933e-05 1 80208 3.26581e+06 
3.69549e-05 1 80208 3.26581e+06 
3.91006e-05 1 80208 3.26581e+06 
3.69549e-05 1 80208 3.26581e+06 
3.29018e-05 1 71840 2.8566e+06 
3.31402e-05 1 71840 2.8566e+06 
3.31402e-05 1 71840 2.8566e+06 
3.29018e-05 1 71840 2.8566e+06 
3.19481e-05 1 71840 2.8566e+06 
3.09944e-06 1 35904 388962 
9.53674e-07 1 9024 18522 
4.05312e-06 1 37184 388962 
9.53674e-07 1 10304 18522 
6.19888e-06 1 41024 388962 
1.90735e-06 1 14144 18522 
9.05991e-06 1 51264 388962 
1.90735e-06 1 24384 18522 
1.50204e-05 1 64064 388962 
2.86102e-06 1 37184 18522 
1.90735e-05 1 53120 1.20984e+06 
1.69277e-05 1 53120 1.20984e+06 
1.81198e-05 1 53120 1.20984e+06 
1.69277e-05 1 53120 1.20984e+06 
1.78814e-05 1 53120 1.20984e+06 
1.5974e-05 1 49152 1.11974e+06 
1.5974e-05 1 49152 1.11974e+06 
1.69277e-05 1 49152 1.11974e+06 
1.69277e-05 1 49152 1.11974e+06 
1.5974e-05 1 49152 1.11974e+06 
3.09944e-06 1 35328 497664 
9.53674e-07 1 7304 15552 
3.8147e-06 1 36608 497664 
9.53674e-07 1 8584 15552 
6.91414e-06 1 40448 497664 
2.14577e-06 1 12424 15552 
1.00136e-05 1 46848 497664 
1.90735e-06 1 18824 15552 
1.69277e-05 1 58367 497664 
2.14577e-06 1 30343 15552 
3.69549e-05 1 78048 2.46985e+06 
3.50475e-05 1 78048 2.46985e+06 
3.8147e-05 1 78048 2.46985e+06 
3.40939e-05 1 78048 2.46985e+06 
3.29018e-05 1 78048 2.46985e+06 
3.00407e-05 1 72320 2.28e+06 
2.90871e-05 1 72320 2.28e+06 
2.88486e-05 1 72320 2.28e+06 
2.90871e-05 1 72320 2.28e+06 
2.88486e-05 1 72320 2.28e+06 
4.05312e-06 1 46576 756024 
1.90735e-06 1 8824 22236 
5.96046e-06 1 49136 756024 
1.90735e-06 1 11384 22236 
9.05991e-06 1 52975 756024 
2.14577e-06 1 15223 22236 
1.50204e-05 1 61936 756024 
1.90735e-06 1 24184 22236 
2.5034e-05 1 79856 756024 
1.90735e-06 1 42104 22236 
1.09673e-05 1 36080 756150 
1.09673e-05 1 36080 756150 
1.09673e-05 1 36080 756150 
1.00136e-05 1 36080 756150 
1.12057e-05 1 36080 756150 
9.05991e-06 1 31872 653184 
9.05991e-06 1 31872 653184 
8.10623e-06 1 31872 653184 
8.10623e-06 1 31872 653184 
9.05991e-06 1 31872 653184 
1.90735e-06 1 19728 140454 
9.53674e-07 1 7184 8262 
1.90735e-06 1 19728 140454 
1.90735e-06 1 7184 8262 
3.09944e-06 1 21008 140454 
1.19209e-06 1 8464 8262 
4.05312e-06 1 24848 140454 
9.53674e-07 1 12304 8262 
6.91414e-06 1 32528 140454 
2.14577e-06 1 19984 8262 
1.38283e-05 1 46960 1.17045e+06 
1.38283e-05 1 46960 1.17045e+06 
1.50204e-05 1 46960 1.17045e+06 
1.38283e-05 1 46960 1.17045e+06 
1.38283e-05 1 46960 1.17045e+06 
1.5974e-05 1 41888 1.02065e+06 
1.5974e-05 1 41888 1.02065e+06 
1.5974e-05 1 41888 1.02065e+06 
1.5974e-05 1 41888 1.02065e+06 
1.5974e-05 1 41888 1.02065e+06 
1.90735e-06 1 23728 205770 
1.90735e-06 1 7312 10830 
1.90735e-06 1 23728 205770 
9.53674e-07 1 7312 10830 
4.05312e-06 1 27568 205770 
1.90735e-06 1 11152 10830 
5.96046e-06 1 31408 205770 
1.90735e-06 1 14992 10830 
9.05991e-06 1 39087 205770 
1.90735e-06 1 22671 10830 
1.88351e-05 1 57104 1.77497e+06 
1.90735e-05 1 57104 1.77497e+06 
1.88351e-05 1 57104 1.77497e+06 
1.90735e-05 1 57104 1.77497e+06 
2.09808e-05 1 57104 1.77497e+06 
2.00272e-05 1 52320 1.5606e+06 
1.90735e-05 1 52320 1.5606e+06 
1.90735e-05 1 52320 1.5606e+06 
2.00272e-05 1 52320 1.5606e+06 
2.00272e-05 1 52320 1.5606e+06 
2.14577e-06 1 28576 293706 
1.19209e-06 1 7456 13986 
2.86102e-06 1 29855 293706 
1.90735e-06 1 8735 13986 
5.00679e-06 1 33696 293706 
9.53674e-07 1 12576 13986 
7.15256e-06 1 37535 293706 
1.90735e-06 1 16415 13986 
1.28746e-05 1 49056 293706 
1.90735e-06 1 27936 13986 
1.5974e-05 1 47440 1.05861e+06 
1.40667e-05 1 47440 1.05861e+06 
1.38283e-05 1 47440 1.05861e+06 
1.40667e-05 1 47440 1.05861e+06 
1.40667e-05 1 47440 1.05861e+06 
1.09673e-05 1 43392 964224 
1.09673e-05 1 43392 964224 
2.38419e-05 1 43392 964224 
1.00136e-05 1 43392 964224 
1.09673e-05 1 43392 964224 
2.14577e-06 1 29728 354294 
9.53674e-07 1 7264 13122 
2.86102e-06 1 31008 354294 
1.19209e-06 1 8544 13122 
5.00679e-06 1 33567 354294 
9.53674e-07 1 11103 13122 
7.86781e-06 1 38688 354294 
9.53674e-07 1 16224 13122 
1.38283e-05 1 50208 354294 
1.90735e-06 1 27744 13122 
2.19345e-05 1 60560 1.60395e+06 
2.00272e-05 1 60560 1.60395e+06 
3.38554e-05 1 60560 1.60395e+06 
2.00272e-05 1 60560 1.60395e+06 
2.00272e-05 1 60560 1.60395e+06 
1.5974e-05 1 55648 1.46441e+06 
1.62125e-05 1 55648 1.46441e+06 
1.5974e-05 1 55648 1.46441e+06 
1.5974e-05 1 55648 1.46441e+06 
1.5974e-05 1 55648 1.46441e+06 
1.90735e-06 1 35167 479370 
9.53674e-07 1 7391 16530 
5.00679e-06 1 36448 479370 
2.14577e-06 1 8672 16530 
5.96046e-06 1 39008 479370 
1.90735e-06 1 11232 16530 
1.00136e-05 1 46688 479370 
2.14577e-06 1 18912 16530 
1.71661e-05 1 59488 479370 
1.90735e-06 1 31712 16530 
2.7895e-05 1 74544 2.38703e+06 
2.81334e-05 1 74544 2.38703e+06 
2.90871e-05 1 74544 2.38703e+06 
2.88486e-05 1 74544 2.38703e+06 
2.7895e-05 1 74544 2.38703e+06 
2.69413e-05 1 68640 2.18484e+06 
2.71797e-05 1 68640 2.18484e+06 
2.71797e-05 1 68640 2.18484e+06 
2.7895e-05 1 68640 2.18484e+06 
2.69413e-05 1 68640 2.18484e+06 
2.86102e-06 1 41616 640026 
1.90735e-06 1 7536 20646 
5.00679e-06 1 45456 640026 
1.90735e-06 1 11376 20646 
7.86781e-06 1 49296 640026 
1.90735e-06 1 15216 20646 
1.3113e-05 1 56976 640026 
2.86102e-06 1 22896 20646 
2.19345e-05 1 73615 640026 
2.14577e-06 1 39535 20646 
2.12193e-05 1 61072 1.42156e+06 
2.09808e-05 1 61072 1.42156e+06 
2.09808e-05 1 61072 1.42156e+06 
2.09808e-05 1 61072 1.42156e+06 
2.09808e-05 1 61072 1.42156e+06 
1.50204e-05 1 57216 1.33747e+06 
1.5974e-05 1 57216 1.33747e+06 
1.5974e-05 1 57216 1.33747e+06 
1.5974e-05 1 57216 1.33747e+06 
1.5974e-05 1 57216 1.33747e+06 
3.09944e-06 1 43840 739206 
9.53674e-07 1 7360 18954 
3.8147e-06 1 45120 739206 
9.53674e-07 1 8640 18954 
6.91414e-06 1 48960 739206 
1.90735e-06 1 12480 18954 
1.40667e-05 1 59200 739206 
1.90735e-06 1 22720 18954 
2.28882e-05 1 72000 739206 
1.90735e-06 1 35520 18954 
2.5034e-05 1 76880 2.12415e+06 
2.5034e-05 1 76880 2.12415e+06 
2.40803e-05 1 76880 2.12415e+06 
2.5034e-05 1 76880 2.12415e+06 
2.38419e-05 1 76880 2.12415e+06 
2.31266e-05 1 72160 1.99692e+06 
2.19345e-05 1 72160 1.99692e+06 
2.28882e-05 1 72160 1.99692e+06 
2.19345e-05 1 72160 1.99692e+06 
2.19345e-05 1 72160 1.99692e+06 
4.05312e-06 1 51007 958170 
9.53674e-07 1 7487 23370 
6.91414e-06 1 54848 958170 
2.14577e-06 1 11328 23370 
1.00136e-05 1 58688 958170 
2.14577e-06 1 15168 23370 
1.5974e-05 1 67648 958170 
2.14577e-06 1 24128 23370 
3.09944e-05 1 86848 958170 
1.90735e-06 1 43328 23370 
3.91006e-05 1 93936 3.12151e+06 
3.79086e-05 1 93936 3.12151e+06 
3.8147e-05 1 93936 3.12151e+06 
3.79086e-05 1 93936 3.12151e+06 
3.79086e-05 1 93936 3.12151e+06 
3.19481e-05 1 86944 2.93393e+06 
3.21865e-05 1 86944 2.93393e+06 
3.19481e-05 1 86944 2.93393e+06 
3.19481e-05 1 86944 2.93393e+06 
3.09944e-05 1 86944 2.93393e+06 
5.00679e-06 1 60656 1.23143e+06 
1.19209e-06 1 8912 28638 
8.10623e-06 1 63215 1.23143e+06 
1.90735e-06 1 11471 28638 
1.38283e-05 1 70896 1.23143e+06 
2.14577e-06 1 19152 28638 
2.00272e-05 1 79856 1.23143e+06 
1.90735e-06 1 28112 28638 
3.88622e-05 1 105456 1.23143e+06 
1.90735e-06 1 53712 28638 
2.09808e-05 1 76976 1.84501e+06 
2.00272e-05 1 76976 1.84501e+06 
2.00272e-05 1 76976 1.84501e+06 
2.00272e-05 1 76976 1.84501e+06 
2.09808e-05 1 76976 1.84501e+06 
2.09808e-05 1 73344 1.77293e+06 
2.19345e-05 1 73344 1.77293e+06 
2.09808e-05 1 73344 1.77293e+06 
2.19345e-05 1 73344 1.77293e+06 
2.19345e-05 1 73344 1.77293e+06 
5.00679e-06 1 64495 1.36517e+06 
9.53674e-07 1 8751 25758 
8.10623e-06 1 67056 1.36517e+06 
2.14577e-06 1 11312 25758 
1.40667e-05 1 72175 1.36517e+06 
2.14577e-06 1 16431 25758 
2.40803e-05 1 82416 1.36517e+06 
1.90735e-06 1 26672 25758 
4.41074e-05 1 105456 1.36517e+06 
2.14577e-06 1 49712 25758 
3.88622e-05 1 95920 2.73105e+06 
4.19617e-05 1 95920 2.73105e+06 
4.19617e-05 1 95920 2.73105e+06 
4.00543e-05 1 95920 2.73105e+06 
3.8147e-05 1 95920 2.73105e+06 
3.29018e-05 1 91424 2.61818e+06 
3.31402e-05 1 91424 2.61818e+06 
3.29018e-05 1 91424 2.61818e+06 
3.38554e-05 1 91424 2.61818e+06 
3.29018e-05 1 91424 2.61818e+06 
8.10623e-06 1 76240 1.72425e+06 
9.53674e-07 1 11440 31350 
8.82149e-06 1 77520 1.72425e+06 
1.90735e-06 1 12720 31350 
1.69277e-05 1 83919 1.72425e+06 
2.14577e-06 1 19119 31350 
2.90871e-05 1 96720 1.72425e+06 
1.90735e-06 1 31920 31350 
5.10216e-05 1 119760 1.72425e+06 
1.90735e-06 1 54960 31350 
1.00136e-05 1 36080 756150 
9.05991e-06 1 36080 756150 
1.00136e-05 1 36080 756150 
1.00136e-05 1 36080 756150 
1.00136e-05 1 36080 756150 
9.05991e-06 1 31872 653184 
9.05991e-06 1 31872 653184 
9.05991e-06 1 31872 653184 
8.82149e-06 1 31872 653184 
9.05991e-06 1 31872 653184 
2.14577e-06 1 19728 140454 
1.19209e-06 1 7184 8262 
1.90735e-06 1 19728 140454 
1.90735e-06 1 7184 8262 
4.05312e-06 1 23568 140454 
9.53674e-07 1 11024 8262 
5.00679e-06 1 24848 140454 
1.90735e-06 1 12304 8262 
6.91414e-06 1 32528 140454 
1.90735e-06 1 19984 8262 
1.40667e-05 1 43936 985608 
1.40667e-05 1 43936 985608 
1.40667e-05 1 43936 985608 
1.40667e-05 1 43936 985608 
1.38283e-05 1 43936 985608 
9.05991e-06 1 36752 861258 
1.00136e-05 1 36752 861258 
1.00136e-05 1 36752 861258 
1.00136e-05 1 36752 861258 
1.00136e-05 1 36752 861258 
2.86102e-06 1 22664 190608 
9.53674e-07 1 7256 10032 
2.86102e-06 1 22664 190608 
2.14577e-06 1 7256 10032 
3.8147e-06 1 26504 190608 
9.53674e-07 1 11096 10032 
5.96046e-06 1 30344 190608 
1.90735e-06 1 14936 10032 
8.10623e-06 1 35464 190608 
9.53674e-07 1 20056 10032 
1.50204e-05 1 47120 1.25715e+06 
1.40667e-05 1 47120 1.25715e+06 
1.38283e-05 1 47120 1.25715e+06 
1.38283e-05 1 47120 1.25715e+06 
1.40667e-05 1 47120 1.25715e+06 
1.5974e-05 1 44640 1.1094e+06 
1.5974e-05 1 44640 1.1094e+06 
1.5974e-05 1 44640 1.1094e+06 
1.50204e-05 1 44640 1.1094e+06 
1.62125e-05 1 44640 1.1094e+06 
1.90735e-06 1 25888 251370 
1.19209e-06 1 7328 11970 
3.09944e-06 1 27168 251370 
9.53674e-07 1 8608 11970 
4.05312e-06 1 29728 251370 
1.90735e-06 1 11168 11970 
7.15256e-06 1 34848 251370 
1.90735e-06 1 16288 11970 
1.09673e-05 1 45088 251370 
1.90735e-06 1 26528 11970 
1.69277e-05 1 45168 998118 
1.5974e-05 1 45168 998118 
1.5974e-05 1 45168 998118 
1.5974e-05 1 45168 998118 
1.62125e-05 1 45168 998118 
1.19209e-05 1 41088 902016 
1.12057e-05 1 41088 902016 
1.09673e-05 1 41088 902016 
1.12057e-05 1 41088 902016 
1.12057e-05 1 41088 902016 
2.14577e-06 1 27600 303750 
9.53674e-07 1 7248 12150 
2.14577e-06 1 28879 303750 
9.53674e-07 1 8527 12150 
5.00679e-06 1 31440 303750 
9.53674e-07 1 11088 12150 
7.86781e-06 1 36559 303750 
9.53674e-07 1 16207 12150 
1.19209e-05 1 46800 303750 
1.90735e-06 1 26448 12150 
1.69277e-05 1 51360 1.27764e+06 
1.5974e-05 1 51360 1.27764e+06 
1.5974e-05 1 51360 1.27764e+06 
1.69277e-05 1 51360 1.27764e+06 
1.69277e-05 1 51360 1.27764e+06 
1.40667e-05 1 46864 1.16083e+06 
1.40667e-05 1 46864 1.16083e+06 
1.38283e-05 1 46864 1.16083e+06 
1.40667e-05 1 46864 1.16083e+06 
1.40667e-05 1 46864 1.16083e+06 
1.90735e-06 1 31240 384912 
9.53674e-07 1 7320 14256 
3.09944e-06 1 32520 384912 
1.90735e-06 1 8600 14256 
5.00679e-06 1 35080 384912 
2.14577e-06 1 11160 14256 
7.15256e-06 1 40200 384912 
1.90735e-06 1 16280 14256 
1.3113e-05 1 51720 384912 
1.90735e-06 1 27800 14256 
1.81198e-05 1 58000 1.60395e+06 
1.81198e-05 1 58000 1.60395e+06 
1.78814e-05 1 58000 1.60395e+06 
1.69277e-05 1 58000 1.60395e+06 
1.69277e-05 1 58000 1.60395e+06 
1.50204e-05 1 53088 1.46441e+06 
1.5974e-05 1 53088 1.46441e+06 
1.50204e-05 1 53088 1.46441e+06 
1.50204e-05 1 53088 1.46441e+06 
1.4782e-05 1 53088 1.46441e+06 
1.90735e-06 1 35167 479370 
9.53674e-07 1 7391 16530 
3.09944e-06 1 36448 479370 
1.90735e-06 1 8672 16530 
5.96046e-06 1 40288 479370 
2.14577e-06 1 12512 16530 
1.00136e-05 1 46688 479370 
2.14577e-06 1 18912 16530 
1.71661e-05 1 62048 479370 
1.90735e-06 1 34272 16530 
1.5974e-05 1 55392 1.27033e+06 
1.5974e-05 1 55392 1.27033e+06 
1.50204e-05 1 55392 1.27033e+06 
1.5974e-05 1 55392 1.27033e+06 
1.50204e-05 1 55392 1.27033e+06 
1.50204e-05 1 51456 1.18195e+06 
1.50204e-05 1 51456 1.18195e+06 
1.5974e-05 1 51456 1.18195e+06 
1.5974e-05 1 51456 1.18195e+06 
1.50204e-05 1 51456 1.18195e+06 
3.09944e-06 1 37680 561816 
9.53674e-07 1 7320 16524 
4.05312e-06 1 38960 561816 
9.53674e-07 1 8600 16524 
6.91414e-06 1 42800 561816 
1.90735e-06 1 12440 16524 
1.21593e-05 1 50480 561816 
2.14577e-06 1 20120 16524 
1.78814e-05 1 62000 561816 
1.90735e-06 1 31640 16524 
2.00272e-05 1 62592 1.60618e+06 
2.00272e-05 1 62592 1.60618e+06 
2.00272e-05 1 62592 1.60618e+06 
2.00272e-05 1 62592 1.60618e+06 
2.00272e-05 1 62592 1.60618e+06 
2.09808e-05 1 60800 1.49784e+06 
2.09808e-05 1 60800 1.49784e+06 
2.19345e-05 1 60800 1.49784e+06 
2.00272e-05 1 60800 1.49784e+06 
2.09808e-05 1 60800 1.49784e+06 
3.09944e-06 1 43392 684288 
1.19209e-06 1 8672 19008 
4.05312e-06 1 43392 684288 
9.53674e-07 1 8672 19008 
8.10623e-06 1 49792 684288 
1.90735e-06 1 15072 19008 
1.21593e-05 1 54912 684288 
2.14577e-06 1 20192 19008 
2.31266e-05 1 70272 684288 
2.14577e-06 1 35552 19008 
2.69413e-05 1 72800 1.9941e+06 
2.81334e-05 1 72800 1.9941e+06 
2.6226e-05 1 72800 1.9941e+06 
2.71797e-05 1 72800 1.9941e+06 
2.59876e-05 1 72800 1.9941e+06 
2.40803e-05 1 68032 1.86379e+06 
2.40803e-05 1 68032 1.86379e+06 
2.40803e-05 1 68032 1.86379e+06 
2.47955e-05 1 68032 1.86379e+06 
2.38419e-05 1 68032 1.86379e+06 
5.00679e-06 1 48112 823080 
9.53674e-07 1 8744 21660 
5.00679e-06 1 48112 823080 
1.19209e-06 1 8744 21660 
1.00136e-05 1 54512 823080 
1.90735e-06 1 15144 21660 
1.50204e-05 1 63471 823080 
2.14577e-06 1 24103 21660 
2.7895e-05 1 81392 823080 
3.09944e-06 1 42024 21660 
2.38419e-05 1 68176 1.54255e+06 
2.38419e-05 1 68176 1.54255e+06 
2.38419e-05 1 68176 1.54255e+06 
2.40803e-05 1 68176 1.54255e+06 
2.40803e-05 1 68176 1.54255e+06 
2.28882e-05 1 64384 1.46189e+06 
2.28882e-05 1 64384 1.46189e+06 
2.28882e-05 1 64384 1.46189e+06 
2.21729e-05 1 64384 1.46189e+06 
2.21729e-05 1 64384 1.46189e+06 
4.05312e-06 1 50336 898614 
9.53674e-07 1 8672 20898 
7.15256e-06 1 52896 898614 
9.53674e-07 1 11232 20898 
8.82149e-06 1 54176 898614 
1.90735e-06 1 12512 20898 
1.5974e-05 1 64416 898614 
2.14577e-06 1 22752 20898 
2.88486e-05 1 81056 898614 
2.14577e-06 1 39392 20898 
2.5034e-05 1 73824 1.93471e+06 
2.5034e-05 1 73824 1.93471e+06 
2.5034e-05 1 73824 1.93471e+06 
2.5034e-05 1 73824 1.93471e+06 
2.47955e-05 1 73824 1.93471e+06 
2.40803e-05 1 72176 1.83485e+06 
2.40803e-05 1 72176 1.83485e+06 
2.40803e-05 1 72176 1.83485e+06 
2.40803e-05 1 72176 1.83485e+06 
2.40803e-05 1 72176 1.83485e+06 
5.00679e-06 1 55560 1.0692e+06 
2.14577e-06 1 8744 23760 
6.91414e-06 1 58120 1.0692e+06 
9.53674e-07 1 11304 23760 
1.19209e-05 1 63240 1.0692e+06 
9.53674e-07 1 16424 23760 
1.81198e-05 1 70920 1.0692e+06 
1.90735e-06 1 24104 23760 
3.19481e-05 1 88840 1.0692e+06 
2.14577e-06 1 42024 23760 
2.69413e-05 1 82480 2.38425e+06 
2.59876e-05 1 82480 2.38425e+06 
2.59876e-05 1 82480 2.38425e+06 
2.59876e-05 1 82480 2.38425e+06 
2.59876e-05 1 82480 2.38425e+06 
2.59876e-05 1 80416 2.26318e+06 
2.5034e-05 1 80416 2.26318e+06 
2.59876e-05 1 80416 2.26318e+06 
2.5034e-05 1 80416 2.26318e+06 
2.59876e-05 1 80416 2.26318e+06 
5.00679e-06 1 61072 1.25913e+06 
9.53674e-07 1 8816 26790 
7.15256e-06 1 63632 1.25913e+06 
1.19209e-06 1 11376 26790 
1.3113e-05 1 68752 1.25913e+06 
1.90735e-06 1 16496 26790 
2.31266e-05 1 82832 1.25913e+06 
1.90735e-06 1 30576 26790 
4.00543e-05 1 102032 1.25913e+06 
1.90735e-06 1 49776 26790 
2.28882e-05 1 76976 1.84501e+06 
2.28882e-05 1 76976 1.84501e+06 
2.38419e-05 1 76976 1.84501e+06 
2.28882e-05 1 76976 1.84501e+06 
2.28882e-05 1 76976 1.84501e+06 
2.59876e-05 1 73344 1.77293e+06 
2.5034e-05 1 73344 1.77293e+06 
2.5034e-05 1 73344 1.77293e+06 
2.69413e-05 1 73344 1.77293e+06 
2.59876e-05 1 73344 1.77293e+06 
5.00679e-06 1 64495 1.36517e+06 
9.53674e-07 1 8751 25758 
8.10623e-06 1 67056 1.36517e+06 
1.90735e-06 1 11312 25758 
1.19209e-05 1 70895 1.36517e+06 
2.14577e-06 1 15151 25758 
2.38419e-05 1 83696 1.36517e+06 
1.90735e-06 1 27952 25758 
3.88622e-05 1 99056 1.36517e+06 
2.14577e-06 1 43312 25758 
2.7895e-05 1 86304 2.29975e+06 
2.7895e-05 1 86304 2.29975e+06 
2.81334e-05 1 86304 2.29975e+06 
2.7895e-05 1 86304 2.29975e+06 
2.69413e-05 1 86304 2.29975e+06 
2.5034e-05 1 82256 2.20931e+06 
2.5034e-05 1 82256 2.20931e+06 
2.5034e-05 1 82256 2.20931e+06 
2.38419e-05 1 82256 2.20931e+06 
2.5034e-05 1 82256 2.20931e+06 
5.96046e-06 1 70600 1.5972e+06 
9.53674e-07 1 8824 29040 
9.05991e-06 1 73160 1.5972e+06 
9.53674e-07 1 11384 29040 
1.40667e-05 1 78280 1.5972e+06 
1.90735e-06 1 16504 29040 
2.88486e-05 1 93640 1.5972e+06 
1.90735e-06 1 31864 29040 
4.79221e-05 1 112840 1.5972e+06 
2.14577e-06 1 51064 29040 
