1.92539e-13 4.12782e-10 3.43985e-11 
3.38554e-05 1 34200 2850 
4.05312e-06 1 456 38 
1.40667e-05 1 30600 2550 
2.86102e-06 1 408 34 
1.50204e-05 1 30600 2550 
3.09944e-06 1 408 34 
1.50204e-05 1 30600 2550 
3.09944e-06 1 408 34 
1.50204e-05 1 30600 2550 
3.09944e-06 1 408 34 
1.50204e-05 1 30600 2550 
5.00679e-06 1 408 34 
2.86102e-06 1 480 40 
4.05312e-06 1 480 40 
4.05312e-06 1 480 40 
3.09944e-06 1 480 40 
1.90735e-06 1 480 40 
4.05312e-06 1 600 50 
3.09944e-06 1 600 50 
3.09944e-06 1 600 50 
2.86102e-06 1 600 50 
3.09944e-06 1 600 50 
4.3869e-05 1 94248 7854 
4.05312e-06 1 504 42 
3.60012e-05 1 85272 7106 
3.09944e-06 1 456 38 
3.48091e-05 1 85272 7106 
3.09944e-06 1 456 38 
3.50475e-05 1 85272 7106 
4.05312e-06 1 456 38 
3.48091e-05 1 85272 7106 
2.86102e-06 1 456 38 
3.40939e-05 1 85272 7106 
3.8147e-06 1 456 38 
4.05312e-06 1 528 44 
4.05312e-06 1 528 44 
4.05312e-06 1 528 44 
3.8147e-06 1 528 44 
4.05312e-06 1 528 44 
3.09944e-06 1 648 54 
2.86102e-06 1 648 54 
4.05312e-06 1 648 54 
4.05312e-06 1 648 54 
4.05312e-06 1 648 54 
6.50883e-05 1 34200 2850 
3.8147e-06 1 456 38 
1.50204e-05 1 30600 2550 
3.8147e-06 1 408 34 
1.50204e-05 1 30600 2550 
1.00136e-05 1 408 34 
1.50204e-05 1 30600 2550 
3.09944e-06 1 408 34 
1.5974e-05 1 30600 2550 
4.05312e-06 1 408 34 
1.50204e-05 1 30600 2550 
3.09944e-06 1 408 34 
3.09944e-06 1 480 40 
3.09944e-06 1 480 40 
2.86102e-06 1 480 40 
2.86102e-06 1 480 40 
3.09944e-06 1 480 40 
5.00679e-06 1 600 50 
3.09944e-06 1 600 50 
2.86102e-06 1 600 50 
3.09944e-06 1 600 50 
2.86102e-06 1 600 50 
2.69413e-05 1 66024 5502 
3.09944e-06 1 504 42 
2.40803e-05 1 59736 4978 
4.05312e-06 1 456 38 
2.59876e-05 1 59736 4978 
3.09944e-06 1 456 38 
2.5034e-05 1 59736 4978 
4.05312e-06 1 456 38 
2.5034e-05 1 59736 4978 
2.86102e-06 1 456 38 
2.59876e-05 1 59736 4978 
4.05312e-06 1 456 38 
2.86102e-06 1 528 44 
3.09944e-06 1 528 44 
3.09944e-06 1 528 44 
2.86102e-06 1 528 44 
4.05312e-06 1 528 44 
2.86102e-06 1 648 54 
4.05312e-06 1 648 54 
4.05312e-06 1 648 54 
3.8147e-06 1 648 54 
3.09944e-06 1 648 54 
1.69277e-05 1 34200 2850 
4.05312e-06 1 456 38 
1.50204e-05 1 30600 2550 
2.86102e-06 1 408 34 
1.50204e-05 1 30600 2550 
1.40667e-05 1 408 34 
1.5974e-05 1 30600 2550 
2.86102e-06 1 408 34 
1.50204e-05 1 30600 2550 
3.09944e-06 1 408 34 
1.50204e-05 1 30600 2550 
3.09944e-06 1 408 34 
3.09944e-06 1 480 40 
3.09944e-06 1 480 40 
3.09944e-06 1 480 40 
4.05312e-06 1 480 40 
3.09944e-06 1 480 40 
4.05312e-06 1 600 50 
3.8147e-06 1 600 50 
3.09944e-06 1 600 50 
3.09944e-06 1 600 50 
4.05312e-06 1 600 50 
2.5034e-05 1 51912 4326 
3.09944e-06 1 504 42 
5.31673e-05 1 46968 3914 
4.05312e-06 1 456 38 
2.19345e-05 1 46968 3914 
5.96046e-06 1 456 38 
2.19345e-05 1 46968 3914 
5.00679e-06 1 456 38 
2.00272e-05 1 46968 3914 
2.09808e-05 1 456 38 
2.00272e-05 1 46968 3914 
4.05312e-06 1 456 38 
2.86102e-06 1 528 44 
4.05312e-06 1 528 44 
3.09944e-06 1 528 44 
4.05312e-06 1 528 44 
4.05312e-06 1 528 44 
3.09944e-06 1 648 54 
3.09944e-06 1 648 54 
4.05312e-06 1 648 54 
3.09944e-06 1 648 54 
3.09944e-06 1 648 54 
3.79086e-05 1 77832 6486 
3.09944e-06 1 552 46 
2.69413e-05 1 71064 5922 
4.05312e-06 1 504 42 
3.00407e-05 1 71064 5922 
4.05312e-06 1 504 42 
3.09944e-05 1 71064 5922 
4.05312e-06 1 504 42 
2.90871e-05 1 71064 5922 
2.86102e-06 1 504 42 
2.69413e-05 1 71064 5922 
4.05312e-06 1 504 42 
3.8147e-06 1 576 48 
3.09944e-06 1 576 48 
3.09944e-06 1 576 48 
2.86102e-06 1 576 48 
3.09944e-06 1 576 48 
2.86102e-06 1 696 58 
3.09944e-06 1 696 58 
4.05312e-06 1 696 58 
3.09944e-06 1 696 58 
3.09944e-06 1 696 58 
2.40803e-05 1 61200 5100 
3.09944e-06 1 816 68 
2.28882e-05 1 57600 4800 
3.09944e-06 1 768 64 
2.19345e-05 1 57600 4800 
4.05312e-06 1 768 64 
2.59876e-05 1 57600 4800 
4.05312e-06 1 768 64 
2.38419e-05 1 57600 4800 
3.09944e-06 1 768 64 
2.40803e-05 1 57600 4800 
3.8147e-06 1 768 64 
3.09944e-06 1 840 70 
3.09944e-06 1 840 70 
3.09944e-06 1 840 70 
4.05312e-06 1 840 70 
2.86102e-06 1 840 70 
3.09944e-06 1 960 80 
3.09944e-06 1 960 80 
3.09944e-06 1 960 80 
4.05312e-06 1 960 80 
2.86102e-06 1 960 80 
3.50475e-05 1 88992 7416 
3.09944e-06 1 864 72 
3.09944e-05 1 84048 7004 
4.05312e-06 1 816 68 
3.19481e-05 1 84048 7004 
4.05312e-06 1 816 68 
3.40939e-05 1 84048 7004 
2.86102e-06 1 816 68 
3.29018e-05 1 84048 7004 
3.09944e-06 1 816 68 
3.09944e-05 1 84048 7004 
2.86102e-06 1 816 68 
3.09944e-06 1 888 74 
4.05312e-06 1 888 74 
2.86102e-06 1 888 74 
4.05312e-06 1 888 74 
4.05312e-06 1 888 74 
3.8147e-06 1 1008 84 
3.09944e-06 1 1008 84 
4.05312e-06 1 1008 84 
3.09944e-06 1 1008 84 
4.05312e-06 1 1008 84 
1.50204e-05 1 34200 2850 
2.86102e-06 1 456 38 
1.40667e-05 1 30600 2550 
3.09944e-06 1 408 34 
1.40667e-05 1 30600 2550 
2.86102e-06 1 408 34 
1.40667e-05 1 30600 2550 
2.86102e-06 1 408 34 
3.91006e-05 1 30600 2550 
1.5974e-05 1 408 34 
1.4782e-05 1 30600 2550 
2.86102e-06 1 408 34 
2.86102e-06 1 480 40 
2.86102e-06 1 480 40 
3.09944e-06 1 480 40 
3.09944e-06 1 480 40 
3.09944e-06 1 480 40 
3.09944e-06 1 600 50 
3.09944e-06 1 600 50 
3.09944e-06 1 600 50 
3.09944e-06 1 600 50 
3.09944e-06 1 600 50 
1.90735e-05 1 44856 3738 
2.86102e-06 1 504 42 
1.69277e-05 1 40584 3382 
3.09944e-06 1 456 38 
1.5974e-05 1 40584 3382 
2.86102e-06 1 456 38 
1.5974e-05 1 40584 3382 
4.05312e-06 1 456 38 
1.81198e-05 1 40584 3382 
2.86102e-06 1 456 38 
1.71661e-05 1 40584 3382 
2.86102e-06 1 456 38 
3.09944e-06 1 528 44 
2.86102e-06 1 528 44 
2.86102e-06 1 528 44 
3.09944e-06 1 528 44 
3.09944e-06 1 528 44 
3.09944e-06 1 648 54 
3.09944e-06 1 648 54 
2.86102e-06 1 648 54 
2.86102e-06 1 648 54 
3.09944e-06 1 648 54 
2.28882e-05 1 57960 4830 
2.86102e-06 1 552 46 
2.09808e-05 1 52920 4410 
2.86102e-06 1 504 42 
2.09808e-05 1 52920 4410 
4.05312e-06 1 504 42 
2.09808e-05 1 52920 4410 
3.09944e-06 1 504 42 
2.31266e-05 1 52920 4410 
3.8147e-06 1 504 42 
2.19345e-05 1 52920 4410 
4.05312e-06 1 504 42 
3.09944e-06 1 576 48 
3.09944e-06 1 576 48 
3.09944e-06 1 576 48 
2.86102e-06 1 576 48 
3.09944e-06 1 576 48 
3.09944e-06 1 696 58 
2.86102e-06 1 696 58 
2.86102e-06 1 696 58 
3.09944e-06 1 696 58 
3.09944e-06 1 696 58 
2.09808e-05 1 52200 4350 
3.09944e-06 1 696 58 
1.90735e-05 1 48600 4050 
4.05312e-06 1 648 54 
2.00272e-05 1 48600 4050 
2.86102e-06 1 648 54 
1.97887e-05 1 48600 4050 
3.09944e-06 1 648 54 
2.09808e-05 1 48600 4050 
3.09944e-06 1 648 54 
2.09808e-05 1 48600 4050 
2.86102e-06 1 648 54 
3.09944e-06 1 720 60 
3.09944e-06 1 720 60 
2.86102e-06 1 720 60 
2.86102e-06 1 720 60 
2.86102e-06 1 720 60 
3.09944e-06 1 840 70 
2.86102e-06 1 840 70 
3.8147e-06 1 840 70 
2.86102e-06 1 840 70 
2.86102e-06 1 840 70 
2.6226e-05 1 66216 5518 
2.86102e-06 1 744 62 
2.40803e-05 1 61944 5162 
5.00679e-06 1 696 58 
2.40803e-05 1 61944 5162 
3.8147e-06 1 696 58 
2.40803e-05 1 61944 5162 
4.05312e-06 1 696 58 
2.6226e-05 1 61944 5162 
4.05312e-06 1 696 58 
2.5034e-05 1 61944 5162 
2.86102e-06 1 696 58 
3.09944e-06 1 768 64 
3.09944e-06 1 768 64 
2.86102e-06 1 768 64 
3.09944e-06 1 768 64 
3.09944e-06 1 768 64 
2.86102e-06 1 888 74 
3.09944e-06 1 888 74 
3.09944e-06 1 888 74 
2.86102e-06 1 888 74 
3.09944e-06 1 888 74 
3.00407e-05 1 83160 6930 
2.86102e-06 1 792 66 
2.88486e-05 1 78120 6510 
2.86102e-06 1 744 62 
2.90871e-05 1 78120 6510 
5.00679e-06 1 744 62 
3.21865e-05 1 78120 6510 
2.28882e-05 1 744 62 
3.19481e-05 1 78120 6510 
3.09944e-06 1 744 62 
3.09944e-05 1 78120 6510 
2.86102e-06 1 744 62 
4.05312e-06 1 816 68 
3.09944e-06 1 816 68 
3.09944e-06 1 816 68 
3.8147e-06 1 816 68 
3.09944e-06 1 816 68 
3.09944e-06 1 936 78 
3.09944e-06 1 936 78 
3.8147e-06 1 936 78 
4.05312e-06 1 936 78 
2.86102e-06 1 936 78 
2.81334e-05 1 73800 6150 
4.05312e-06 1 984 82 
2.69413e-05 1 70200 5850 
3.09944e-06 1 936 78 
2.69413e-05 1 70200 5850 
5.00679e-06 1 936 78 
3.00407e-05 1 70200 5850 
4.05312e-06 1 936 78 
2.69413e-05 1 70200 5850 
2.86102e-06 1 936 78 
9.89437e-05 1 70200 5850 
3.8147e-06 1 936 78 
4.05312e-06 1 1008 84 
2.86102e-06 1 1008 84 
4.05312e-06 1 1008 84 
2.86102e-06 1 1008 84 
3.09944e-06 1 1008 84 
4.05312e-06 1 1128 94 
2.86102e-06 1 1128 94 
4.05312e-06 1 1128 94 
3.09944e-06 1 1128 94 
3.09944e-06 1 1128 94 
3.31402e-05 1 91848 7654 
4.05312e-06 1 1032 86 
3.19481e-05 1 87576 7298 
3.09944e-06 1 984 82 
3.19481e-05 1 87576 7298 
4.05312e-06 1 984 82 
3.50475e-05 1 87576 7298 
3.09944e-06 1 984 82 
3.19481e-05 1 87576 7298 
5.00679e-06 1 984 82 
3.40939e-05 1 87576 7298 
4.05312e-06 1 984 82 
4.05312e-06 1 1056 88 
3.09944e-06 1 1056 88 
3.09944e-06 1 1056 88 
3.09944e-06 1 1056 88 
3.09944e-06 1 1056 88 
2.86102e-06 1 1176 98 
3.8147e-06 1 1176 98 
3.09944e-06 1 1176 98 
3.09944e-06 1 1176 98 
3.09944e-06 1 1176 98 
3.98159e-05 1 113400 9450 
3.09944e-06 1 1080 90 
3.88622e-05 1 108360 9030 
2.86102e-06 1 1032 86 
4.60148e-05 1 108360 9030 
4.05312e-06 1 1032 86 
4.00543e-05 1 108360 9030 
5.96046e-06 1 1032 86 
4.31538e-05 1 108360 9030 
4.05312e-06 1 1032 86 
4.00543e-05 1 108360 9030 
2.86102e-06 1 1032 86 
4.05312e-06 1 1104 92 
4.05312e-06 1 1104 92 
3.09944e-06 1 1104 92 
3.09944e-06 1 1104 92 
3.09944e-06 1 1104 92 
2.86102e-06 1 1224 102 
4.05312e-06 1 1224 102 
2.86102e-06 1 1224 102 
4.05312e-06 1 1224 102 
3.09944e-06 1 1224 102 
3.60012e-05 1 99000 8250 
4.05312e-06 1 1320 110 
3.50475e-05 1 95400 7950 
4.05312e-06 1 1272 106 
3.50475e-05 1 95400 7950 
3.8147e-06 1 1272 106 
3.69549e-05 1 95400 7950 
4.05312e-06 1 1272 106 
4.69685e-05 1 95400 7950 
5.00679e-06 1 1272 106 
3.69549e-05 1 95400 7950 
2.86102e-06 1 1272 106 
3.09944e-06 1 1344 112 
4.05312e-06 1 1344 112 
3.09944e-06 1 1344 112 
2.86102e-06 1 1344 112 
2.86102e-06 1 1344 112 
3.8147e-06 1 1464 122 
4.05312e-06 1 1464 122 
3.09944e-06 1 1464 122 
3.09944e-06 1 1464 122 
4.05312e-06 1 1464 122 
4.29153e-05 1 121752 10146 
4.05312e-06 1 1368 114 
4.98295e-05 1 117480 9790 
3.09944e-06 1 1320 110 
5.00679e-05 1 117480 9790 
5.00679e-06 1 1320 110 
5.10216e-05 1 117480 9790 
3.09944e-06 1 1320 110 
5.72205e-05 1 117480 9790 
4.05312e-06 1 1320 110 
5.29289e-05 1 117480 9790 
3.09944e-06 1 1320 110 
3.09944e-06 1 1392 116 
4.05312e-06 1 1392 116 
4.05312e-06 1 1392 116 
3.09944e-06 1 1392 116 
3.8147e-06 1 1392 116 
3.09944e-06 1 1512 126 
3.8147e-06 1 1512 126 
4.05312e-06 1 1512 126 
3.09944e-06 1 1512 126 
4.05312e-06 1 1512 126 
1.62125e-05 1 34200 2850 
2.86102e-06 1 456 38 
1.5974e-05 1 30600 2550 
3.09944e-06 1 408 34 
1.5974e-05 1 30600 2550 
3.09944e-06 1 408 34 
1.81198e-05 1 30600 2550 
2.86102e-06 1 408 34 
1.69277e-05 1 30600 2550 
3.09944e-06 1 408 34 
1.5974e-05 1 30600 2550 
5.00679e-06 1 408 34 
4.05312e-06 1 480 40 
4.05312e-06 1 480 40 
3.09944e-06 1 480 40 
3.09944e-06 1 480 40 
3.09944e-06 1 480 40 
3.8147e-06 1 600 50 
2.86102e-06 1 600 50 
3.09944e-06 1 600 50 
3.09944e-06 1 600 50 
3.09944e-06 1 600 50 
1.81198e-05 1 41328 3444 
2.86102e-06 1 504 42 
1.5974e-05 1 37392 3116 
3.09944e-06 1 456 38 
1.50204e-05 1 37392 3116 
2.86102e-06 1 456 38 
1.90735e-05 1 37392 3116 
4.05312e-06 1 456 38 
1.5974e-05 1 37392 3116 
2.86102e-06 1 456 38 
1.78814e-05 1 37392 3116 
4.05312e-06 1 456 38 
3.09944e-06 1 528 44 
2.86102e-06 1 528 44 
3.09944e-06 1 528 44 
4.05312e-06 1 528 44 
3.09944e-06 1 528 44 
3.09944e-06 1 648 54 
3.09944e-06 1 648 54 
3.09944e-06 1 648 54 
3.09944e-06 1 648 54 
3.09944e-06 1 648 54 
2.09808e-05 1 49128 4094 
3.09944e-06 1 552 46 
1.81198e-05 1 44856 3738 
3.09944e-06 1 504 42 
1.81198e-05 1 44856 3738 
5.96046e-06 1 504 42 
2.00272e-05 1 44856 3738 
5.96046e-06 1 504 42 
1.88351e-05 1 44856 3738 
2.86102e-06 1 504 42 
2.59876e-05 1 44856 3738 
2.86102e-06 1 504 42 
3.09944e-06 1 576 48 
3.09944e-06 1 576 48 
2.86102e-06 1 576 48 
3.09944e-06 1 576 48 
3.8147e-06 1 576 48 
3.09944e-06 1 696 58 
3.09944e-06 1 696 58 
2.86102e-06 1 696 58 
3.09944e-06 1 696 58 
3.09944e-06 1 696 58 
2.00272e-05 1 48600 4050 
3.09944e-06 1 648 54 
1.78814e-05 1 45000 3750 
3.09944e-06 1 600 50 
1.90735e-05 1 45000 3750 
5.96046e-06 1 600 50 
2.00272e-05 1 45000 3750 
4.05312e-06 1 600 50 
2.00272e-05 1 45000 3750 
5.96046e-06 1 600 50 
1.90735e-05 1 45000 3750 
3.09944e-06 1 600 50 
2.86102e-06 1 672 56 
3.09944e-06 1 672 56 
2.86102e-06 1 672 56 
3.09944e-06 1 672 56 
2.86102e-06 1 672 56 
2.86102e-06 1 792 66 
2.86102e-06 1 792 66 
3.09944e-06 1 792 66 
2.86102e-06 1 792 66 
3.09944e-06 1 792 66 
2.28882e-05 1 57072 4756 
3.09944e-06 1 696 58 
2.09808e-05 1 53136 4428 
2.86102e-06 1 648 54 
2.09808e-05 1 53136 4428 
5.96046e-06 1 648 54 
2.31266e-05 1 53136 4428 
5.00679e-06 1 648 54 
2.31266e-05 1 53136 4428 
4.05312e-06 1 648 54 
2.19345e-05 1 53136 4428 
2.86102e-06 1 648 54 
3.09944e-06 1 720 60 
3.09944e-06 1 720 60 
4.05312e-06 1 720 60 
3.09944e-06 1 720 60 
2.86102e-06 1 720 60 
2.86102e-06 1 840 70 
3.09944e-06 1 840 70 
3.09944e-06 1 840 70 
2.86102e-06 1 840 70 
2.86102e-06 1 840 70 
2.5034e-05 1 66216 5518 
3.09944e-06 1 744 62 
2.40803e-05 1 61944 5162 
2.86102e-06 1 696 58 
2.38419e-05 1 61944 5162 
3.8147e-06 1 696 58 
2.5034e-05 1 61944 5162 
4.05312e-06 1 696 58 
2.47955e-05 1 61944 5162 
5.96046e-06 1 696 58 
2.59876e-05 1 61944 5162 
3.09944e-06 1 696 58 
2.86102e-06 1 768 64 
4.05312e-06 1 768 64 
3.09944e-06 1 768 64 
3.09944e-06 1 768 64 
2.86102e-06 1 768 64 
3.09944e-06 1 888 74 
3.09944e-06 1 888 74 
3.09944e-06 1 888 74 
3.09944e-06 1 888 74 
3.09944e-06 1 888 74 
2.5034e-05 1 64800 5400 
2.86102e-06 1 864 72 
2.38419e-05 1 61200 5100 
3.09944e-06 1 816 68 
2.31266e-05 1 61200 5100 
5.00679e-06 1 816 68 
2.6226e-05 1 61200 5100 
4.05312e-06 1 816 68 
2.40803e-05 1 61200 5100 
1.00136e-05 1 816 68 
2.71797e-05 1 61200 5100 
4.05312e-06 1 816 68 
3.09944e-06 1 888 74 
2.86102e-06 1 888 74 
4.05312e-06 1 888 74 
3.09944e-06 1 888 74 
2.86102e-06 1 888 74 
3.09944e-06 1 1008 84 
2.86102e-06 1 1008 84 
2.86102e-06 1 1008 84 
3.09944e-06 1 1008 84 
3.09944e-06 1 1008 84 
2.7895e-05 1 74784 6232 
2.86102e-06 1 912 76 
2.69413e-05 1 70848 5904 
2.86102e-06 1 864 72 
2.59876e-05 1 70848 5904 
5.00679e-06 1 864 72 
2.90871e-05 1 70848 5904 
4.05312e-06 1 864 72 
2.7895e-05 1 70848 5904 
6.91414e-06 1 864 72 
2.90871e-05 1 70848 5904 
4.05312e-06 1 864 72 
3.09944e-06 1 936 78 
3.09944e-06 1 936 78 
4.05312e-06 1 936 78 
4.05312e-06 1 936 78 
3.09944e-06 1 936 78 
3.8147e-06 1 1056 88 
4.05312e-06 1 1056 88 
3.09944e-06 1 1056 88 
2.86102e-06 1 1056 88 
3.09944e-06 1 1056 88 
3.09944e-05 1 85440 7120 
2.86102e-06 1 960 80 
3.00407e-05 1 81168 6764 
2.86102e-06 1 912 76 
3.00407e-05 1 81168 6764 
5.00679e-06 1 912 76 
5.07832e-05 1 81168 6764 
3.8147e-06 1 912 76 
3.38554e-05 1 81168 6764 
4.05312e-06 1 912 76 
3.09944e-05 1 81168 6764 
4.05312e-06 1 912 76 
2.86102e-06 1 984 82 
3.09944e-06 1 984 82 
2.86102e-06 1 984 82 
4.05312e-06 1 984 82 
3.09944e-06 1 984 82 
3.09944e-06 1 1104 92 
3.09944e-06 1 1104 92 
4.05312e-06 1 1104 92 
2.86102e-06 1 1104 92 
3.8147e-06 1 1104 92 
3.00407e-05 1 81000 6750 
3.09944e-06 1 1080 90 
2.90871e-05 1 77400 6450 
4.05312e-06 1 1032 86 
2.90871e-05 1 77400 6450 
5.00679e-06 1 1032 86 
3.09944e-05 1 77400 6450 
3.8147e-06 1 1032 86 
3.69549e-05 1 77400 6450 
4.05312e-06 1 1032 86 
3.00407e-05 1 77400 6450 
4.05312e-06 1 1032 86 
2.86102e-06 1 1104 92 
2.86102e-06 1 1104 92 
3.09944e-06 1 1104 92 
3.09944e-06 1 1104 92 
3.8147e-06 1 1104 92 
4.05312e-06 1 1224 102 
3.8147e-06 1 1224 102 
2.86102e-06 1 1224 102 
2.86102e-06 1 1224 102 
3.09944e-06 1 1224 102 
3.40939e-05 1 92496 7708 
2.86102e-06 1 1128 94 
3.19481e-05 1 88560 7380 
3.09944e-06 1 1080 90 
3.19481e-05 1 88560 7380 
4.05312e-06 1 1080 90 
3.8147e-05 1 88560 7380 
3.8147e-06 1 1080 90 
3.19481e-05 1 88560 7380 
1.3113e-05 1 1080 90 
3.50475e-05 1 88560 7380 
2.86102e-06 1 1080 90 
3.09944e-06 1 1152 96 
3.09944e-06 1 1152 96 
3.09944e-06 1 1152 96 
2.86102e-06 1 1152 96 
2.86102e-06 1 1152 96 
3.09944e-06 1 1272 106 
3.09944e-06 1 1272 106 
2.86102e-06 1 1272 106 
3.09944e-06 1 1272 106 
4.05312e-06 1 1272 106 
3.79086e-05 1 104664 8722 
3.09944e-06 1 1176 98 
3.60012e-05 1 100392 8366 
3.09944e-06 1 1128 94 
3.60012e-05 1 100392 8366 
5.00679e-06 1 1128 94 
3.79086e-05 1 100392 8366 
3.09944e-06 1 1128 94 
0.000130892 1 100392 8366 
4.05312e-06 1 1128 94 
3.88622e-05 1 100392 8366 
3.09944e-06 1 1128 94 
2.86102e-06 1 1200 100 
3.09944e-06 1 1200 100 
3.09944e-06 1 1200 100 
4.05312e-06 1 1200 100 
4.05312e-06 1 1200 100 
4.05312e-06 1 1320 110 
3.09944e-06 1 1320 110 
2.86102e-06 1 1320 110 
2.86102e-06 1 1320 110 
2.86102e-06 1 1320 110 
3.71933e-05 1 99000 8250 
2.86102e-06 1 1320 110 
3.40939e-05 1 95400 7950 
4.05312e-06 1 1272 106 
3.38554e-05 1 95400 7950 
3.8147e-06 1 1272 106 
4.19617e-05 1 95400 7950 
5.00679e-06 1 1272 106 
3.69549e-05 1 95400 7950 
5.96046e-06 1 1272 106 
3.79086e-05 1 95400 7950 
3.09944e-06 1 1272 106 
3.09944e-06 1 1344 112 
3.8147e-06 1 1344 112 
3.09944e-06 1 1344 112 
2.86102e-06 1 1344 112 
2.86102e-06 1 1344 112 
4.05312e-06 1 1464 122 
3.09944e-06 1 1464 122 
3.8147e-06 1 1464 122 
2.86102e-06 1 1464 122 
3.09944e-06 1 1464 122 
4.1008e-05 1 112176 9348 
3.8147e-06 1 1368 114 
3.88622e-05 1 108240 9020 
4.05312e-06 1 1320 110 
3.91006e-05 1 108240 9020 
3.8147e-06 1 1320 110 
4.00543e-05 1 108240 9020 
5.00679e-06 1 1320 110 
4.22001e-05 1 108240 9020 
4.05312e-06 1 1320 110 
4.1008e-05 1 108240 9020 
2.86102e-06 1 1320 110 
4.05312e-06 1 1392 116 
3.09944e-06 1 1392 116 
4.05312e-06 1 1392 116 
3.09944e-06 1 1392 116 
3.09944e-06 1 1392 116 
3.09944e-06 1 1512 126 
4.05312e-06 1 1512 126 
3.8147e-06 1 1512 126 
3.09944e-06 1 1512 126 
4.05312e-06 1 1512 126 
