1.34270000000000000589119478569023746761246229652897454798221588134765625e-08 4.31679999999999981688568730596976263935715678599081002175807952880859375e-09
3.0994415283203125e-06 1 189
9.5367431640625e-07 1 189
3.0994415283203125e-06 1 216
1.9073486328125e-06 1 216
2.1457672119140625e-06 1 216
2.1457672119140625e-06 1 216
1.9073486328125e-06 1 405
9.5367431640625e-07 1 405
3.0994415283203125e-06 1 486
1.9073486328125e-06 1 486
3.0994415283203125e-06 1 486
1.9073486328125e-06 1 486
1.34270000000000000589119478569023746761246229652897454798221588134765625e-08 4.31679999999999981688568730596976263935715678599081002175807952880859375e-09
3.0994415283203125e-06 1 189
2.1457672119140625e-06 1 189
3.0994415283203125e-06 1 216
2.1457672119140625e-06 1 216
1.9073486328125e-06 1 216
1.9073486328125e-06 1 216
3.0994415283203125e-06 1 405
1.9073486328125e-06 1 405
2.86102294921875e-06 1 486
2.86102294921875e-06 1 486
3.0994415283203125e-06 1 486
2.1457672119140625e-06 1 486
